100 
 0 15237 20268 9936 22707 3573 13023 3825 12816 6741 8118 13923 22986 21402 9135 11331 9162 10503 7326 12645 7965 11970 7938 10854 10746 13599 14148 3744 18729 19305 7983 7110 23769 16236 14184 10557 22662 11025 18918 12222 24282 5949 20259 15012 8307 19035 3861 22707 3978 15363 10161 22266 9090 12546 15372 7155 12240 6462 9279 10368 9387 11340 2592 12294 11250 11574 5337 14562 11169 12483 23715 7218 13779 8478 5652 23841 9432 21978 9072 7767 10980 19674 15444 7992 15606 13572 11295 10971 7254 5796 6777 2727 3717 12231 21879 21393 7335 7047 13212 23787
 15237 0 15372 21627 10674 18513 12528 14580 12087 21978 21231 14454 8730 14958 22014 25479 22095 25533 20790 14427 22518 26073 17289 26055 8037 24039 15633 12267 13509 10719 14328 19494 9621 13059 17037 25722 10287 26253 8649 3033 17856 13824 16515 2313 19116 14724 17397 14364 18846 3744 10323 11718 23193 2979 13761 17127 12600 10449 23634 16659 9054 16227 17811 2988 22743 23562 9927 6399 5157 25983 17118 22131 4158 22896 18684 9405 14976 11358 23823 15030 7587 5130 13617 23229 7488 15768 10971 25254 12780 20718 17802 15921 12600 26667 7146 10809 18837 17199 28404 16479
 20268 15372 0 29997 9666 23607 7299 22518 7461 25146 20385 7038 13797 1989 20520 31338 20637 29574 27594 8406 23238 31968 15327 29214 10656 33453 7614 16704 1926 5328 24930 18783 13797 4032 8847 27423 10197 28944 7659 15579 4059 23328 1539 13068 17064 1251 19251 4563 24030 11637 10242 7407 29214 16452 5103 26253 8127 14148 23634 12402 11475 11052 22266 14859 31320 31761 16848 9189 12816 32679 3609 23760 11583 23247 25830 14535 11997 7497 28737 25308 10737 13779 4977 26217 7929 8343 9009 30915 23283 25578 16965 22635 16614 31986 14697 7434 27162 16074 29835 4086
 9936 21627 29997 0 31023 7398 22842 7659 22608 9270 15255 23841 30258 30978 16146 5625 16101 8361 3348 22572 13005 5949 17352 9909 19836 3753 24075 13302 28350 28368 7596 15273 31131 25983 24066 12024 30852 10710 27549 18783 33939 7812 30087 22311 17055 28782 12555 32004 7065 23121 19764 31032 4482 18648 25218 4500 22086 15867 14157 20115 18684 21177 8766 19179 1323 1944 13518 23175 19197 4986 33336 11637 21744 13572 4293 30996 19332 30708 6462 6822 19944 26685 25272 9549 24417 23499 20988 5796 8928 6723 15840 7371 13419 7065 28764 30096 2916 16389 13491 33309
 22707 10674 9666 31023 0 26271 12816 23454 12600 28962 25947 13977 4518 8019 26406 33930 26523 33129 29493 14904 28215 34560 20961 33228 12096 33885 15084 19026 8757 4977 24309 24147 4275 10602 16659 32121 621 33201 3933 12717 9711 23346 11205 9063 22932 9963 23328 5868 26676 7983 13482 2331 31644 13212 12087 26658 13500 16362 28998 18792 13554 17685 25200 12150 32256 32949 17739 8154 11853 34821 9063 28305 9279 28413 27441 5076 17622 2178 31779 24912 11790 6336 11871 30195 7245 15642 12978 33615 22644 28494 22212 24309 19161 34911 6039 2277 28116 21366 34767 8046
 3573 18513 23607 7398 26271 0 16308 4806 16146 3924 8163 17028 26469 24822 9135 7803 9108 7038 4266 15696 6633 8433 9999 7587 14310 11151 17100 7299 22122 22851 8496 7929 27261 19575 16920 7893 26226 7902 22491 15480 27639 6876 23490 18459 9666 22356 5166 26199 423 18864 13626 25830 5616 15705 18612 6282 15498 10017 7974 12861 12942 14004 1413 15624 8640 8730 8766 18126 14679 9072 27099 5436 17307 7227 3366 27306 12249 25551 5508 7974 14544 23103 18702 5049 19179 16470 14706 7425 8487 2241 8451 2961 7236 8658 25299 24957 5490 9027 10386 27225
 13023 12528 7299 22842 12816 16308 0 15525 450 17901 13599 1944 15381 8667 13905 24039 14022 22329 20340 2178 16254 24660 8478 22032 5004 26379 3114 9558 5967 8055 18369 11880 15804 3303 4581 20394 13086 21807 9054 11331 11349 16596 7245 10485 10386 6048 11997 10485 16731 9468 3447 11367 21915 12258 2376 19305 837 7200 16803 5994 5058 4878 14967 10683 24174 24570 10179 6669 8055 25380 10845 16659 8415 16326 18630 16299 5040 11214 21447 18639 5346 13581 2430 19008 6426 3321 2142 23616 16803 18279 9981 15471 9423 24696 15363 10764 20070 9090 22896 11079
 3825 14580 22518 7659 23454 4806 15525 0 15237 8730 11763 16731 22986 23400 12789 10899 12798 11313 6219 15561 11052 11493 11655 12159 12195 10944 17145 6039 20817 20718 4185 10899 23832 18540 17406 12690 23310 12573 19917 11601 26406 2232 22716 14949 12123 21321 7650 24363 4977 15633 12285 23391 8622 11637 17901 3789 14823 8370 12411 13851 11097 14679 4986 11889 8946 9549 5859 15534 11601 11484 25785 10026 14193 11619 4113 23769 12708 23067 9432 3951 12294 19476 17937 9828 16758 16650 13554 10692 3744 6651 10584 1854 6273 12114 21627 22464 4743 10800 15156 25713
 12816 12087 7461 22608 12600 16146 450 15237 0 17829 13671 2394 15066 8748 14004 23895 14121 22239 20142 2529 16272 24516 8559 21978 4554 26118 3555 9306 6039 7902 18027 11925 15507 3429 5004 20394 12852 21771 8793 10881 11493 16272 7488 10053 10485 6219 11925 10476 16569 9054 3078 11223 21753 11808 2682 19017 900 6894 16848 6192 4653 5130 14805 10233 23931 24345 9828 6273 7605 25209 10971 16632 7974 16362 18405 15984 5130 11052 21321 18315 4896 13203 2700 18954 6084 3735 1755 23481 16452 18144 10017 15237 9189 24579 15012 10584 19809 9126 22914 11160
 6741 21978 25146 9270 28962 3924 17901 8730 17829 0 6489 18225 29583 26568 7218 6930 7155 4437 5976 16839 3780 7470 10233 4266 16875 12744 18027 10062 23868 25137 12294 7164 30339 21204 17505 3969 28980 4302 25083 18963 29196 10782 24804 21690 9153 23886 5904 28224 3789 21933 15750 28278 5553 19278 20043 9711 17064 12618 4887 13329 15417 14634 4185 19026 10233 9918 12069 20835 17757 8730 28728 2430 20331 4329 6408 30456 13230 28017 4086 11718 17181 26343 20169 1260 21735 17334 16632 6417 12393 2700 8505 6885 9864 7128 28557 27450 8406 9324 6534 28980
 8118 21231 20385 15255 25947 8163 13599 11763 13671 6489 0 13347 27504 22050 1017 13392 1035 10449 11916 12006 3141 13905 5121 9540 14328 18918 12843 9234 19431 21519 15939 1818 28143 16731 11961 7236 26100 9045 22023 18477 24345 13986 19764 20277 3330 19170 4365 24057 8379 20088 12528 24813 12006 19062 15363 14328 12798 10800 3249 7992 12888 9351 7128 18288 16371 16209 11925 18243 16272 15219 23985 4203 18495 2961 11520 28422 8559 24615 10557 15606 14742 24714 15525 7029 18801 12114 12978 12870 15363 8586 3735 10152 8838 13419 26865 24111 13644 4590 9477 24417
 13923 14454 7038 23841 13977 17028 1944 16731 2394 18225 13347 0 16884 8721 13509 24624 13626 22662 21168 1386 16200 25236 8289 22230 6912 27450 1224 10692 6174 9045 19809 11736 17244 3555 2808 20385 14301 21933 10395 13266 11052 17964 6579 12393 10035 5823 12375 10863 17442 11331 5139 12303 22581 14193 2070 20511 2169 8595 16596 5391 6804 4068 15642 12627 25164 25497 11664 8487 9990 26064 10647 16749 10332 16200 19575 17784 5004 12195 21942 20034 7263 15300 2259 19260 8100 1674 3924 24174 18297 18873 9936 16497 10494 25182 17010 11808 21141 9054 22788 11070
 22986 8730 13797 30258 4518 26469 15381 22986 15066 29583 27504 16884 0 12330 28098 33804 28206 33480 29187 17559 29412 34416 22788 33795 13176 32760 18081 19530 12573 8613 23049 25686 909 13887 19683 33057 3897 33885 6597 11475 14220 22446 15309 8055 24768 13878 24327 10359 26838 7650 15075 6795 31509 11664 15246 25776 15912 17100 30348 21087 14634 20160 25569 11106 31401 32202 17703 9297 11826 34461 13563 29295 9252 29682 27090 927 19683 6570 31932 23742 12771 3600 15039 30843 9027 18540 14949 33552 21474 28710 23796 24138 19755 34920 1944 6435 27423 23022 35748 12564
 21402 14958 1989 30978 8019 24822 8667 23400 8748 26568 22050 8721 12330 0 22239 32607 22356 30987 28710 10044 24840 33228 16956 30699 11295 34344 9423 17748 2709 4338 25551 20403 12249 5382 10737 29007 8595 30465 6669 15543 3096 24048 3411 12690 18747 2970 20664 2592 25245 11232 11259 5706 30438 16371 6687 27081 9504 15111 25290 14112 12303 12780 23517 14832 32292 32787 17622 9126 13059 33867 2412 25299 11466 24876 26883 13014 13563 5841 30060 25974 11295 12735 6534 27684 7767 10134 10116 32193 23877 26865 18549 23661 17703 33309 13419 5895 28107 17658 31464 2412
 9135 22014 20520 16146 26406 9135 13905 12789 14004 7218 1017 13509 28098 22239 0 14049 117 10971 12798 12204 3618 14535 5463 9954 14949 19782 12924 10125 19647 21888 16956 2520 28719 16965 11934 7479 26577 9387 22491 19296 24444 15003 19827 20988 3519 19323 5355 24309 9333 20745 13059 25200 12771 19908 15552 15327 13122 11565 3330 8127 13527 9468 8127 19089 17235 17037 12825 18819 17001 15903 24102 4842 19170 3285 12474 29025 8874 25011 11241 16614 15372 25380 15723 7632 19314 12195 13428 13527 16380 9441 4311 11160 9729 13995 27513 24525 14607 5085 9522 24579
 11331 25479 31338 5625 33930 7803 24039 10899 23895 6930 13392 24624 33804 32607 14049 0 13968 3591 4707 23265 10458 630 16974 5202 22068 7560 24570 15075 29898 30636 12492 14067 34641 27324 24192 7893 33849 6066 30204 22491 35388 12006 31158 25758 16056 30087 12303 34011 7380 26325 21429 33579 2304 22536 26307 9189 23220 17802 11232 20034 20727 21285 9090 22752 5679 4806 16227 25821 22176 1935 34866 9207 24813 10899 6804 34614 19710 33291 2844 11709 22284 30339 26406 6435 26910 23913 22491 522 13455 5760 15273 9675 15030 1449 32499 32697 7245 16029 8559 35010
 9162 22095 20637 16101 26523 9108 14022 12798 14121 7155 1035 13626 28206 22356 117 13968 0 10881 12753 12321 3537 14454 5571 9855 15048 19737 13041 10197 19764 22005 16965 2601 28818 17082 12051 7371 26685 9279 22599 19377 24561 15012 19944 21078 3636 19440 5391 24426 9306 20844 13167 25317 12708 19989 15669 15309 13230 11655 3222 8244 13626 9585 8118 19170 17190 16983 12888 18918 17091 15831 24219 4770 19260 3186 12456 29124 8991 25128 11169 16623 15471 25479 15840 7551 19422 12312 13536 13446 16398 9396 4410 11169 9792 13914 27612 24633 14580 5193 9405 24696
 10503 25533 29574 8361 33129 7038 22329 11313 22239 4437 10449 22662 33480 30987 10971 3591 10881 0 6039 21285 7362 3888 14625 1629 21069 10962 22464 14112 28287 29448 13941 11430 34272 25632 21897 4311 33111 2493 29286 22500 33633 12942 29241 25488 13419 28323 10332 32607 6687 25866 20079 32544 3897 22698 24480 10782 21492 16767 7920 17730 19629 19044 7947 22653 8802 8091 15786 24975 21672 5508 33165 6273 24291 7713 7686 34335 17667 32274 2070 13221 21339 30141 24597 3483 25947 21762 21006 3114 14535 4815 12897 9693 13968 3078 32337 31698 8973 13734 5157 33408
 7326 20790 27594 3348 29493 4266 20340 6219 20142 5976 11916 21168 29187 28710 12798 4707 12753 6039 0 19854 9675 5292 14256 7371 17838 7020 21294 10971 26037 26433 8001 11988 30033 23562 21159 9072 29385 8064 25848 17820 31599 7317 27567 21141 13824 26352 9414 29934 3888 21771 17451 29277 2520 17838 22680 4770 19548 13662 10854 17118 16569 18252 5679 18108 4473 4473 11754 21447 17667 5328 31032 8316 20295 10242 2106 29979 16470 28971 3969 7254 18009 25695 22752 6399 22599 20682 18612 4563 8820 3384 12681 5193 11007 6003 27846 28368 2934 13284 10890 31086
 12645 14427 8406 22572 14904 15696 2178 15561 2529 16839 12006 1386 17559 10044 12204 23265 12321 21285 19854 0 14832 23877 6930 20844 6570 26208 1629 9522 7443 10053 18774 10377 17973 4770 2637 19017 15192 20556 11196 12960 12429 16884 7965 12483 8703 7182 10998 12114 16110 11538 4518 13347 21231 13878 3357 19341 1836 7596 15255 4104 6183 2844 14301 12366 23895 24210 10692 8793 9693 24714 12015 15372 10386 14841 18297 18468 3618 13212 20574 18963 6975 15732 3519 17883 8604 1395 3510 22815 17298 17514 8559 15246 9297 23805 17541 12798 19899 7677 21438 12411
 7965 22518 23238 13005 28215 6633 16254 11052 16272 3780 3141 16200 29412 24840 3618 10458 3537 7362 9675 14832 0 10935 7911 6399 16290 16524 15786 10251 22176 23985 15039 4473 30096 19476 15003 4194 28314 5913 24282 19611 27243 13266 22698 21843 6345 22014 5139 26739 6705 21843 14742 27243 9315 20088 18171 12888 15426 12348 1359 10944 14814 12294 6066 19530 14004 13707 12744 20286 17811 12339 26847 1368 20223 594 9756 30312 11277 27027 7677 14571 16668 26415 18315 4032 20988 15066 15381 9936 14796 6300 6291 9243 9918 10377 28602 26496 11853 7182 6642 27225
 11970 26073 31968 5949 34560 8433 24660 11493 24516 7470 13905 25236 34416 33228 14535 630 14454 3888 5292 23877 10935 0 17559 5445 22707 7578 25182 15705 30528 31266 12987 14616 35253 27945 24786 8199 34479 6300 30834 23085 36009 12555 31779 26370 16605 30708 12906 34641 8010 26946 22059 34218 2925 23130 26919 9684 23841 18432 11664 20628 21357 21888 9720 23355 5868 4941 16848 26451 22797 1674 35487 9711 25434 11358 7389 35226 20313 33921 3393 12204 22914 30942 27027 6912 27540 24516 23121 1071 13986 6381 15849 10296 15669 1206 33102 33327 7740 16614 8676 35640
 7938 17289 15327 17352 20961 9999 8478 11655 8559 10233 5121 8289 22788 16956 5463 16974 5571 14625 14256 6930 7911 17559 0 14040 9747 21105 7902 6741 14319 16434 15660 3447 23373 11619 7272 12105 21132 13698 17046 14832 19332 13599 14796 16002 1989 14103 4842 18936 10368 15606 7713 19737 15147 15561 10269 15093 7677 7065 8343 3105 8406 4437 8604 14499 18621 18729 9270 13491 12150 18603 18936 8523 14076 7920 13131 23706 3438 19548 14175 15561 10197 20223 10431 11160 13905 7191 7983 16488 14598 11403 1728 10629 6318 17334 22302 19062 15066 972 14508 19332
 10854 26055 29214 9909 33228 7587 22032 12159 21978 4266 9540 22230 33795 30699 9954 5202 9855 1629 7371 20844 6399 5445 14040 0 21132 12591 21942 14292 27999 29376 15093 10719 34569 25317 21276 2817 33246 864 29340 23022 33255 13941 28791 25866 12672 27963 10080 32409 7299 26154 19989 32526 5436 23283 24111 12033 21195 16875 6741 17145 19674 18477 8262 23130 10404 9720 16191 25101 21969 7092 32814 5526 24561 6669 8811 34668 17226 32274 3474 14400 21438 30528 24237 3051 26001 21231 20844 4734 15561 5508 12339 10431 14112 4509 32733 31707 10296 13203 3573 33111
 10746 8037 10656 19836 12096 14310 5004 12195 4554 16875 14328 6912 13176 11295 14949 22068 15048 21069 17838 6570 16290 22707 9747 21132 0 23103 7965 7011 8820 8595 14292 12519 13833 6966 9207 20088 12123 21114 8226 6399 14346 12753 11178 6372 11700 9558 11286 12168 14724 5859 2286 11520 19809 7317 6939 15813 4824 4302 17181 8676 1485 8181 13167 5796 21132 21690 6354 4005 3123 23121 13698 16281 4356 16542 15885 14094 7029 11241 19782 14688 459 10476 6876 18099 4878 7956 3060 21717 12636 16506 10638 12672 7110 22968 12573 10656 16929 9891 22752 13554
 13599 24039 33453 3753 33885 11151 26379 10944 26118 12744 18918 27450 32760 34344 19782 7560 19737 10962 7020 26208 16524 7578 21105 12591 23103 0 27729 16821 31761 31545 9711 18999 33651 29457 27765 15030 33669 13446 30564 21357 37350 10557 33615 24984 20808 32247 16308 35244 10818 25911 23211 34056 7425 21096 28755 7317 25641 19296 17604 23850 22041 24894 12519 21834 2547 2907 16749 26244 22167 6021 36729 15165 24642 17073 8010 33444 23022 33732 9387 9027 23175 29160 28809 12843 27531 27171 24471 7938 11304 10341 19593 10962 16983 8784 31158 33111 6318 20142 16074 36648
 14148 15633 7614 24075 15084 17100 3114 17145 3555 18027 12843 1224 18081 9423 12924 24570 13041 22464 21294 1629 15786 25182 7902 21942 7965 27729 0 11115 7002 10125 20394 11322 18423 4536 1602 19980 15426 21600 11556 14355 11520 18495 6921 13590 9513 6462 12276 11691 17505 12546 6039 13338 22590 15273 3015 20916 3150 9225 16092 4851 7713 3492 15696 13734 25389 25677 12321 9711 11070 26073 11178 16425 11520 15750 19791 18972 4869 13248 21852 20574 8343 16533 3222 19026 9324 729 4923 24120 18918 18855 9603 16776 10872 25065 18225 12888 21429 8739 22320 11700
 3744 12267 16704 13302 19026 7299 9558 6039 9306 10062 9234 10692 19530 17748 10125 15075 10197 14112 10971 9522 10251 15705 6741 14292 7011 16821 11115 0 15093 15561 9450 7659 20286 12681 11457 13572 19008 14355 15210 9378 20673 7461 16794 11709 7965 15480 5139 18981 7713 11880 6498 18531 12834 9891 11934 9819 8820 2727 11385 8199 5652 8838 6174 9288 14625 15057 2709 10872 7731 16191 20088 9891 10278 10638 9135 20403 6840 18252 12780 9540 7254 16344 11988 11313 11880 10638 7695 14715 8145 9495 6390 5940 432 15957 18549 17667 10512 6156 16272 20124
 18729 13509 1926 28350 8757 22122 5967 20817 6039 23868 19431 6174 12573 2709 19647 29898 19764 28287 26037 7443 22176 30528 14319 27999 8820 31761 7002 15093 0 3969 23112 17757 12681 2709 8442 26334 9225 27774 6156 13653 5589 21546 3042 11196 16146 1332 17955 4698 22554 9774 8595 6687 27738 14526 4104 24516 6804 12483 22662 11547 9729 10242 20808 12933 29664 30141 15084 7272 10899 31176 4995 22617 9675 22230 24228 13374 10908 6678 27351 23508 8874 12195 3924 24975 6030 7686 7434 29493 21456 24156 15894 21015 15030 30609 13293 6480 25497 14994 28809 5121
 19305 10719 5328 28368 4977 22851 8055 20718 7902 25137 21519 9045 8613 4338 21888 30636 22005 29448 26433 10053 23985 31266 16434 29376 8595 31545 10125 15561 3969 0 22338 19746 8730 5625 11700 28026 5382 29259 2349 11619 7146 21042 6795 8496 18378 5274 19323 3843 23265 7056 9387 3321 28386 12384 7119 24228 8802 12834 24660 14049 9909 12879 21645 10917 29655 30249 14850 5418 9558 31716 6399 24219 7551 24129 24480 9414 13023 3168 28278 22842 8442 8478 6912 26325 4059 10710 8613 30267 20655 25011 17811 21267 15606 31491 9387 2763 25461 16938 30609 5796
 7983 14328 24930 7596 24309 8496 18369 4185 18027 12294 15939 19809 23049 25551 16956 12492 16965 13941 8001 18774 15039 12987 15660 15093 14292 9711 20394 9450 23112 22338 0 15075 23940 21105 20862 16146 24057 15660 21141 11682 28620 2061 25344 15327 16254 23805 11826 26136 8541 16326 14958 24633 10485 11385 20700 3303 17757 11214 16398 17604 13509 18288 9009 12186 8559 9477 8190 16947 12807 12429 27954 13914 15138 15624 6273 23733 16290 24291 11889 783 14256 19458 20700 13248 18288 19980 16272 12447 1692 9828 14688 5841 9783 13887 21456 23679 5247 14841 18396 27738
 7110 19494 18783 15273 24147 7929 11880 10899 11925 7164 1818 11736 25686 20403 2520 14067 2601 11430 11988 10377 4473 14616 3447 10719 12519 18999 11322 7659 17757 19746 15075 0 26325 15057 10566 8667 24291 10314 20214 16776 22779 13068 18234 18495 1998 17559 3249 22356 8217 18279 10710 23040 12447 17397 13725 13806 11061 9045 4923 6471 11070 7830 6687 16569 16461 16407 10368 16425 14499 15804 22392 5193 16695 4464 11277 26604 6858 22833 11232 14814 12933 22914 13878 7947 16992 10593 11187 13563 14346 8811 1935 9441 7245 14274 25056 22329 13365 2808 11061 22788
 23769 9621 13797 31131 4275 27261 15804 23832 15507 30339 28143 17244 909 12249 28719 34641 28818 34272 30033 17973 30096 35253 23373 34569 13833 33651 18423 20286 12681 8730 23940 26325 0 14148 20034 33777 3672 34641 6876 12348 13968 23319 15327 8892 25353 13959 25029 10143 27639 8415 15669 6597 32337 12555 15543 26649 16371 17820 31014 21582 15300 20628 26343 11970 32283 33075 18504 9900 12600 35316 13329 30006 10008 30366 27936 828 20214 6417 32733 24633 13437 4491 15336 31599 9522 18909 15480 34371 22365 29511 24426 24966 20502 35739 2799 6372 28287 23634 36468 12303
 16236 13059 4032 25983 10602 19575 3303 18540 3429 21204 16731 3555 13887 5382 16965 27324 17082 25632 23562 4770 19476 27945 11619 25317 6966 29457 4536 12681 2709 5625 21105 15057 14148 0 6084 23634 10980 25083 7281 12609 8064 19431 4239 10800 13455 2799 15300 7344 19998 9504 6255 8802 25191 13536 1521 22284 4140 10161 19962 8874 7596 7596 18243 11907 27297 27738 12951 6678 9549 28647 7551 19917 8955 19521 21807 14751 8208 8721 24741 21438 7137 12816 1314 22302 5796 5166 4995 26901 19485 21564 13185 18612 12582 27990 14265 8379 23157 12294 26109 7794
 14184 17037 8847 24066 16659 16920 4581 17406 5004 17505 11961 2808 19683 10737 11934 24192 12051 21897 21159 2637 15003 24786 7272 21276 9207 27765 1602 11457 8442 11700 20862 10566 20034 6084 0 19179 17019 20880 13158 15597 12600 18909 7965 15048 8658 7767 11916 13095 17316 14049 7119 14886 22293 16515 4581 21141 4437 9873 15183 4176 8766 2925 15498 15003 25371 25596 12960 11241 12330 25776 12330 15750 12960 14904 19773 20583 4752 14805 21420 20988 9612 18099 4788 18423 10899 1269 6147 23724 19458 18540 9000 16875 11169 24597 19818 14463 21519 8190 21420 12933
 10557 25722 27423 12024 32121 7893 20394 12690 20394 3969 7236 20385 33057 29007 7479 7893 7371 4311 9072 19017 4194 8199 12105 2817 20088 15030 19980 13572 26334 28026 16146 8667 33777 23634 19179 0 32184 2052 28197 22734 31437 14715 26892 25281 10521 26190 8802 30861 7722 25425 18693 31248 7641 23094 22338 13365 19557 15957 4158 15138 18603 16488 8082 22743 12708 12123 15795 24084 21294 9810 31032 3816 23805 4284 10035 33939 15444 31014 5652 15525 20430 29916 22491 2898 24876 19260 19413 7398 16335 6327 10458 10854 13320 7317 32121 30474 11844 11349 2700 31401
 22662 10287 10197 30852 621 26226 13086 23310 12852 28980 26100 14301 3897 8595 26577 33849 26685 33111 29385 15192 28314 34479 21132 33246 12123 33669 15426 19008 9225 5382 24057 24291 3672 10980 17019 32184 0 33228 4086 12429 10332 23148 11736 8775 23121 10458 23391 6480 26631 7758 13599 2934 31554 12897 12447 26469 13743 16371 29115 19035 13590 17955 25173 11889 32076 32787 17640 8145 11718 34713 9684 28377 9117 28521 27324 4464 17820 2754 31734 24687 11799 5814 12240 30213 7326 15975 13149 33543 22410 28458 22356 24210 19152 34857 5427 2772 27954 21519 34848 8667
 11025 26253 28944 10710 33201 7902 21807 12573 21771 4302 9045 21933 33885 30465 9387 6066 9279 2493 8064 20556 5913 6300 13698 864 21114 13446 21600 14355 27774 29259 15660 10314 34641 25083 20880 2052 33228 0 29295 23238 32976 14427 28485 25992 12240 27702 9945 32229 7641 26235 19881 32445 6228 23526 23841 12663 20970 16884 6111 16776 19638 18126 8442 23310 11232 10557 16362 25092 22068 7956 32553 5184 24633 6120 9396 34758 16947 32193 4248 14985 21429 30654 23985 3051 25956 20889 20691 5598 16047 5940 12006 10809 14148 5346 32859 31635 10971 12888 2817 32868
 18918 8649 7659 27549 3933 22491 9054 19917 8793 25083 22023 10395 6597 6669 22491 30204 22599 29286 25848 11196 24282 30834 17046 29340 8226 30564 11556 15210 6156 2349 21141 20214 6876 7281 13158 28197 4086 29295 0 9945 9342 20007 9090 6543 19026 7488 19413 5715 22905 5166 9549 3501 27927 10620 8667 23274 9684 12519 25065 14967 9666 13923 21375 9279 28809 29457 14112 4401 8397 31167 8595 24381 6030 24471 23832 7470 13734 3168 27981 21699 7956 6129 8460 26307 3348 12060 9063 29871 19458 24705 18279 20655 15318 31149 7146 2556 24633 17442 30843 7875
 12222 3033 15579 18783 12717 15480 11331 11601 10881 18963 18477 13266 11475 15543 19296 22491 19377 22500 17820 12960 19611 23085 14832 23022 6399 21357 14355 9378 13653 11619 11682 16776 12348 12609 15597 22734 12429 23238 9945 0 18594 10980 16497 3663 16569 14733 14517 15444 15822 4824 8541 13329 20205 936 12987 14301 11214 7812 20763 14589 7020 14346 14796 720 19935 20727 6939 6435 3276 23049 17865 19179 4095 20007 15714 12222 12870 12978 20799 12339 6003 7911 12888 20214 7776 14355 9459 22257 10062 17685 15174 12906 9729 23670 10035 12375 15957 14643 25407 17379
 24282 17856 4059 33939 9711 27639 11349 26406 11493 29196 24345 11052 14220 3096 24444 35388 24561 33633 31599 12429 27243 36009 19332 33255 14346 37350 11520 20673 5589 7146 28620 22779 13968 8064 12600 31437 10332 32976 9342 18594 0 27099 4635 15624 21024 5310 23301 3897 28062 14175 14184 7434 33255 19404 9153 30105 12177 18072 27603 16353 15309 14994 26307 17874 35262 35730 20655 12186 16146 36711 747 27792 14499 27234 29808 14778 16029 7686 32796 29043 14364 15192 9036 30267 10818 12249 12987 34965 26955 29628 20988 26604 20601 36045 15561 7956 31086 20097 33822 1665
 5949 13824 23328 7812 23346 6876 16596 2232 16272 10782 13986 17964 22446 24048 15003 12006 15012 12942 7317 16884 13266 12555 13599 13941 12753 10557 18495 7461 21546 21042 2061 13068 23319 19431 18909 14715 23148 14427 20007 10980 27099 0 23661 14526 14202 22167 9810 24786 6993 15390 13221 23499 9837 10845 18945 3330 15948 9396 14625 15570 11853 16290 7200 11385 8964 9756 6480 15705 11610 12258 26451 12204 14085 13833 5319 23184 14301 23175 10962 2079 12771 18873 18963 11826 17001 18054 14535 11880 1620 8505 12636 4023 7776 13329 20961 22554 5022 12780 17091 26289
 20259 16515 1539 30087 11205 23490 7245 22716 7488 24804 19764 6579 15309 3411 19827 31158 19944 29241 27567 7965 22698 31779 14796 28791 11178 33615 6921 16794 3042 6795 25344 18234 15327 4239 7965 26892 11736 28485 9090 16497 4635 23661 0 14202 16434 1782 18945 6003 23913 12789 10458 8946 29079 17388 4887 26487 8019 14355 23013 11772 11835 10413 22122 15777 31419 31815 17190 10206 13590 32562 4410 23301 12600 22671 25875 16065 11574 9036 28503 25677 11322 15183 4824 25839 9018 7650 9162 30717 23724 25398 16479 22716 16668 31743 16173 8973 27297 15597 29241 5148
 15012 2313 13068 22311 9063 18459 10485 14949 10053 21690 20277 12393 8055 12690 20988 25758 21078 25488 21141 12483 21843 26370 16002 25866 6372 24984 13590 11709 11196 8496 15327 18495 8892 10800 15048 25281 8775 25992 6543 3663 15624 14526 14202 0 17910 12420 16704 12213 18819 1458 8640 9801 23454 4167 11565 17856 10647 9522 22878 15039 7605 14472 17604 3150 23490 24255 9693 4122 4032 26424 14886 21591 2097 22176 19044 8865 13401 9441 23895 15966 5913 4662 11412 22950 5184 13779 9099 25497 13689 20691 16704 16092 11979 26874 6867 8865 19449 16029 27981 14283
 8307 19116 17064 17055 22932 9666 10386 12123 10485 9153 3330 10035 24768 18747 3519 16056 3636 13419 13824 8703 6345 16605 1989 12672 11700 20808 9513 7965 16146 18378 16254 1998 25353 13455 8658 10521 23121 12240 19026 16569 21024 14202 16434 17910 0 15858 4635 20790 9990 17550 9693 21690 14400 17262 12060 15291 9594 8757 6579 4671 10332 6021 8352 16272 18279 18270 10629 15471 14004 17784 20655 7173 16002 6255 12969 25686 5364 21510 13221 16074 12141 22167 12231 9936 15894 8784 9972 15552 15363 10728 1611 10845 7542 16272 24264 21024 15012 1926 12807 21105
 19035 14724 1251 28782 9963 22356 6048 21321 6219 23886 19170 5823 13878 2970 19323 30087 19440 28323 26352 7182 22014 30708 14103 27963 9558 32247 6462 15480 1332 5274 23805 17559 13959 2799 7767 26190 10458 27702 7488 14733 5310 22167 1782 12420 15858 0 17991 5391 22779 11007 9036 7812 27963 15624 3861 25065 6867 12951 22419 11196 10323 9855 21015 14004 30096 30537 15687 8424 11862 31428 4851 22527 10818 22023 24606 14661 10755 7848 27486 24165 9666 13536 3726 24966 7236 7182 7785 29664 22167 24327 15732 21420 15381 30735 14625 7695 25956 14841 28611 5256
 3861 17397 19251 12555 23328 5166 11997 7650 11925 5904 4365 12375 24327 20664 5355 12303 5391 10332 9414 10998 5139 12906 4842 10080 11286 16308 12276 5139 17955 19323 11826 3249 25029 15300 11916 8802 23391 9945 19413 14517 23301 9810 18945 16704 4635 17991 0 22338 5526 16722 9945 22509 10377 15030 14157 10665 11160 7227 6246 7785 9810 9000 3789 14409 13806 13887 7731 15291 12672 13851 22824 4995 15102 5499 8379 25218 7416 22266 9576 11574 11637 21285 14274 7038 16083 11610 10764 11844 11115 6624 3294 6237 4797 12807 23481 21708 10395 3870 11466 23076
 22707 14364 4563 32004 5868 26199 10485 24363 10476 28224 24057 10863 10359 2592 24309 34011 24426 32607 29934 12114 26739 34641 18936 32409 12168 35244 11691 18981 4698 3843 26136 22356 10143 7344 13095 30861 6480 32229 5715 15444 3897 24786 6003 12213 20790 5391 22338 0 26622 10791 12591 3564 31797 16191 8793 27936 11304 16281 27270 16218 13374 14931 24948 14751 33300 33858 18504 9252 13374 35172 3213 27108 11385 26811 28026 10944 15507 3798 31554 26622 12069 11349 8613 29376 7884 12384 11592 33624 24453 28314 20466 24804 18990 34794 11664 4068 29097 19566 33381 2268
 3978 18846 24030 7065 26676 423 16731 4977 16569 3789 8379 17442 26838 25245 9333 7380 9306 6687 3888 16110 6705 8010 10368 7299 14724 10818 17505 7713 22554 23265 8541 8217 27639 19998 17316 7722 26631 7641 22905 15822 28062 6993 23913 18819 9990 22779 5526 26622 0 19251 14049 26244 5193 16029 19035 6183 15921 10431 8028 13248 13356 14400 1818 15975 8298 8361 9135 18531 15057 8649 27522 5472 17694 7299 3141 27684 12663 25965 5112 7992 14958 23472 19125 4851 19584 16884 15129 7011 8613 1872 8802 3168 7659 8253 25668 25371 5274 9396 10179 27648
 15363 3744 11637 23121 7983 18864 9468 15633 9054 21933 20088 11331 7650 11232 20745 26325 20844 25866 21771 11538 21843 26946 15606 26154 5859 25911 12546 11880 9774 7056 16326 18279 8415 9504 14049 25425 7758 26235 5166 4824 14175 15390 12789 1458 17550 11007 16722 10791 19251 0 8019 8505 24021 5463 10359 18711 9711 9495 22815 14382 7227 13707 17937 4203 24327 25056 10125 2880 4194 27090 13437 21672 1620 22140 19692 8523 12798 8154 24354 16938 5409 4635 10197 23193 3789 12789 8298 26037 14661 21114 16443 16650 12114 27396 6777 7560 20223 15714 28116 12843
 10161 10323 10242 19764 13482 13626 3447 12285 3078 15750 12528 5139 15075 11259 13059 21429 13167 20079 17451 4518 14742 22059 7713 19989 2286 23211 6039 6498 8595 9387 14958 10710 15669 6255 7119 18693 13599 19881 9549 8541 14184 13221 10458 8640 9693 9036 9945 12591 14049 8019 0 12564 19224 9441 5742 16038 2970 3915 15525 6399 1674 5904 12357 7983 21078 21546 6768 5778 5319 22635 13599 14877 6588 14931 15633 15993 4788 12330 18972 15255 2745 12582 5742 16938 6282 5913 1314 21033 13374 15723 8784 12420 6444 22212 14625 11781 16920 7974 21312 13635
 22266 11718 7407 31032 2331 25830 11367 23391 11223 28278 24813 12303 6795 5706 25200 33579 25317 32544 29277 13347 27243 34218 19737 32526 11520 34056 13338 18531 6687 3321 24633 23040 6597 8802 14886 31248 2934 32445 3501 13329 7434 23499 8946 9801 21690 7812 22509 3564 26244 8505 12564 0 31311 13950 10323 26766 12114 15822 27936 17361 12915 16182 24678 12690 32292 32940 17559 7857 11889 34587 6768 27441 9504 27396 27270 7398 16335 360 31302 25200 11295 8055 10116 29484 6678 13950 11871 33237 22950 28026 21105 24084 18621 34497 8154 954 28107 20232 33858 5778
 9090 23193 29214 4482 31644 5616 21915 8622 21753 5553 12006 22581 31509 30438 12771 2304 12708 3897 2520 21231 9315 2925 15147 5436 19809 7425 22590 12834 27738 28386 10485 12447 32337 25191 22293 7641 31554 6228 27927 20205 33255 9837 29079 23454 14400 27963 10377 31797 5193 24021 19224 31311 0 20259 24210 7218 21105 15552 10287 18162 18477 19377 6957 20457 5058 4518 13923 23535 19881 3492 32715 7974 22509 9819 4554 32319 17721 31023 2007 9729 20016 28044 24300 5454 24642 21942 20322 2070 11331 3753 13473 7380 12807 3501 30204 30420 5301 14184 9009 32832
 12546 2979 16452 18648 13212 15705 12258 11637 11808 19278 19062 14193 11664 16371 19908 22536 19989 22698 17838 13878 20088 23130 15561 23283 7317 21096 15273 9891 14526 12384 11385 17397 12555 13536 16515 23094 12897 23526 10620 936 19404 10845 17388 4167 17262 15624 15030 16191 16029 5463 9441 13950 20259 0 13923 14148 12132 8505 21258 15426 7893 15219 15093 1629 19764 20583 7353 7281 4203 23013 18666 19593 4905 20502 15741 12366 13707 13590 20952 12069 6930 8073 13815 20520 8613 15273 10377 22329 9810 17883 15840 13041 10260 23742 10125 13005 15858 15336 25758 18162
 15372 13761 5103 25218 12087 18612 2376 17901 2682 20043 15363 2070 15246 6687 15552 26307 15669 24480 22680 3357 18171 26919 10269 24111 6939 28755 3015 11934 4104 7119 20700 13725 15543 1521 4581 22338 12447 23841 8667 12987 9153 18945 4887 11565 12060 3861 14157 8793 19035 10359 5742 10323 24210 13923 0 21681 3132 9567 18603 7443 7272 6129 17253 12303 26541 26928 12510 7479 9801 27684 8703 18666 9603 18189 20988 16119 6903 10233 23670 20988 7200 13968 207 21114 6804 3645 4428 25875 19116 20538 11880 17838 11790 26919 15525 9882 22437 10989 24777 9063
 7155 17127 26253 4500 26658 6282 19305 3789 19017 9711 14328 20511 25776 27081 15327 9189 15309 10782 4770 19341 12888 9684 15093 12033 15813 7317 20916 9819 24516 24228 3303 13806 26649 22284 21141 13365 26469 12663 23274 14301 30105 3330 26487 17856 15291 25065 10665 27936 6183 18711 16038 26766 7218 14148 21681 0 18603 12132 14211 17478 14796 18369 7209 14715 5634 6444 9459 18936 14877 9162 29475 11646 17388 13482 3330 26505 16416 26442 8721 2529 15876 22194 21708 10503 20214 20412 17316 9153 4455 7074 13842 4473 10044 10584 24264 25821 1944 14184 15453 29367
 12240 12600 8127 22086 13500 15498 837 14823 900 17064 12798 2169 15912 9504 13122 23220 13230 21492 19548 1836 15426 23841 7677 21195 4824 25641 3150 8820 6804 8802 17757 11061 16371 4140 4437 19557 13743 20970 9684 11214 12177 15948 8019 10647 9594 6867 11160 11304 15921 9711 2970 12114 21105 12132 3132 18603 0 6552 15984 5292 4635 4257 14148 10602 23418 23796 9576 6993 7938 24570 11682 15822 8559 15507 17865 16830 4239 11943 20619 18009 5211 13959 3204 18171 6903 3168 1782 22797 16218 17460 9162 14715 8667 23868 15813 11484 19323 8271 22068 11916
 6462 10449 14148 15867 16362 10017 7200 8370 6894 12618 10800 8595 17100 15111 11565 17802 11655 16767 13662 7596 12348 18432 7065 16875 4302 19296 9225 2727 12483 12834 11214 9045 17820 10161 9873 15957 16371 16884 12519 7812 18072 9396 14355 9522 8757 12951 7227 16281 10431 9495 3915 15822 15552 8505 9567 12132 6552 0 13365 7434 2925 7659 8865 7542 17181 17667 3105 8226 5490 18909 17478 12195 7875 12663 11781 18000 5787 15543 15480 11457 4572 14067 9594 13860 9189 8865 5184 17433 9711 12204 7380 8559 2799 18675 16254 14958 13014 6831 18648 17469
 9279 23634 23634 14157 28998 7974 16803 12411 16848 4887 3249 16596 30348 25290 3330 11232 3222 7920 10854 15255 1359 11664 8343 6741 17181 17604 16092 11385 22662 24660 16398 4923 31014 19962 15183 4158 29115 6111 25065 20763 27603 14625 23013 22878 6579 22419 6246 27270 8028 22815 15525 27936 10287 21258 18603 14211 15984 13365 0 11250 15714 12600 7425 20655 15102 14751 13941 21159 18855 13140 27234 2592 21204 801 11043 31257 11772 27729 8532 15930 17577 27414 18765 4860 21798 15363 16074 10710 16155 7506 6840 10602 11043 10989 29592 27216 13122 7731 6237 27666
 10368 16659 12402 20115 18792 12861 5994 13851 6192 13329 7992 5391 21087 14112 8127 20034 8244 17730 17118 4104 10944 20628 3105 17145 8676 23850 4851 8199 11547 14049 17604 6471 21582 8874 4176 15138 19035 16776 14967 14589 16353 15570 11772 15039 4671 11196 7785 16218 13248 14382 6399 17361 18162 15426 7443 17478 5292 7434 11250 0 7623 1359 11448 14130 21411 21582 10269 11916 11547 21627 15993 11619 12987 10899 15840 22005 1719 17208 17253 17622 9135 18873 7614 14265 12060 4131 6174 19557 16353 14400 4833 13095 7839 20430 20835 16758 17676 4014 17469 16452
 9387 9054 11475 18684 13554 12942 5058 11097 4653 15417 12888 6804 14634 12303 13527 20727 13626 19629 16569 6183 14814 21357 8406 19674 1485 22041 7713 5652 9729 9909 13509 11070 15300 7596 8766 18603 13590 19638 9666 7020 15309 11853 11835 7605 10332 10323 9810 13374 13356 7227 1674 12915 18477 7893 7272 14796 4635 2925 15714 7623 0 7326 11763 6525 19998 20511 5373 5481 3915 21825 14688 14796 5670 15066 14661 15552 5922 12645 18387 13851 1863 11862 7254 16641 6327 7578 2916 20358 11889 15111 9216 11430 5706 21591 13986 12069 15804 8487 21276 14625
 11340 16227 11052 21177 17685 14004 4878 14679 5130 14634 9351 4068 20160 12780 9468 21285 9585 19044 18252 2844 12294 21888 4437 18477 8181 24894 3492 8838 10242 12879 18288 7830 20628 7596 2925 16488 17955 18126 13923 14346 14994 16290 10413 14472 6021 9855 9000 14931 14400 13707 5904 16182 19377 15219 6129 18369 4257 7659 12600 1359 7326 0 12582 13833 22482 22689 10647 11124 11196 22851 14643 12960 12393 12258 16893 21078 1989 16038 18522 18360 8640 18108 6318 15588 11142 2772 5418 20817 16956 15624 6156 14049 8514 21717 20016 15615 18666 5310 18828 15111
 2592 17811 22266 8766 25200 1413 14967 4986 14805 4185 7128 15642 25569 23517 8127 9090 8118 7947 5679 14301 6066 9720 8604 8262 13167 12519 15696 6174 20808 21645 9009 6687 26343 18243 15498 8082 25173 8442 21375 14796 26307 7200 22122 17604 8352 21015 3789 24948 1818 17937 12357 24678 6957 15093 17253 7209 14148 8865 7425 11448 11763 12582 0 14877 10026 10143 7929 17046 13743 10431 25776 5058 16344 6642 4617 26424 10845 24399 6633 8586 13428 22266 17343 5436 18045 15066 13401 8685 8730 3366 7083 3177 6057 9855 24471 23814 6678 7632 10710 25920
 12294 2988 14859 19179 12150 15624 10683 11889 10233 19026 18288 12627 11106 14832 19089 22752 19170 22653 18108 12366 19530 23355 14499 23130 5796 21834 13734 9288 12933 10917 12186 16569 11970 11907 15003 22743 11889 23310 9279 720 17874 11385 15777 3150 16272 14004 14409 14751 15975 4203 7983 12690 20457 1629 12303 14715 10602 7542 20655 14130 6525 13833 14877 0 20349 21123 6966 5706 2673 23364 17145 19143 3384 19917 16002 11880 12411 12339 20997 12816 5391 7587 12195 20286 7065 13752 8856 22509 10539 17847 14913 13122 9612 23904 9747 11736 16326 14346 25434 16677
 11250 22743 31320 1323 32256 8640 24174 8946 23931 10233 16371 25164 31401 32292 17235 5679 17190 8802 4473 23895 14004 5868 18621 10404 21132 2547 25389 14625 29664 29655 8559 16461 32283 27297 25371 12708 32076 11232 28809 19935 35262 8964 31419 23490 18279 30096 13806 33300 8298 24327 21078 32292 5058 19764 26541 5634 23418 17181 15102 21411 19998 22482 10026 20349 0 1035 14805 24444 20439 4608 34659 12636 22977 14553 5607 32130 20637 31968 7065 7803 21231 27819 26595 10386 25686 24813 22311 5958 9990 7794 17091 8694 14751 7056 29880 31356 4203 17658 13950 34623
 11574 23562 31761 1944 32949 8730 24570 9549 24345 9918 16209 25497 32202 32787 17037 4806 16983 8091 4473 24210 13707 4941 18729 9720 21690 2907 25677 15057 30141 30249 9477 16407 33075 27738 25596 12123 32787 10557 29457 20727 35730 9756 31815 24255 18270 30537 13887 33858 8361 25056 21546 32940 4518 20583 26928 6444 23796 17667 14751 21582 20511 22689 10143 21123 1035 0 15399 25083 21114 3600 35136 12348 23679 14238 5940 32940 20889 32616 6480 8703 21816 28629 26991 9963 26307 25083 22752 5139 10854 7632 17154 9126 15156 6138 30708 32004 4833 17757 13230 35136
 5337 9927 16848 13518 17739 8766 10179 5859 9828 12069 11925 11664 17703 17622 12825 16227 12888 15786 11754 10692 12744 16848 9270 16191 6354 16749 12321 2709 15084 14850 8190 10368 18504 12951 12960 15795 17640 16362 14112 6939 20655 6480 17190 9693 10629 15687 7731 18504 9135 10125 6768 17559 13923 7353 12510 9459 9576 3105 13941 10269 5373 10647 7929 6966 14805 15399 0 9711 5958 17082 20016 12249 8595 13167 9720 18549 8712 17253 14229 8496 6435 14355 12510 13320 10908 11970 8082 15930 6642 11007 9063 6570 3123 17271 16551 16641 10611 8766 18477 19908
 14562 6399 9189 23175 8154 18126 6669 15534 6273 20835 18243 8487 9297 9126 18819 25821 18918 24975 21447 8793 20286 26451 13491 25101 4005 26244 9711 10872 7272 5418 16947 16425 9900 6678 11241 24084 8145 25092 4401 6435 12186 15705 10206 4122 15471 8424 15291 9252 18531 2880 5778 7857 23535 7281 7479 18936 6993 8226 21159 11916 5481 11124 17046 5706 24444 25083 9711 0 4140 26766 11466 20286 2403 20520 19431 10224 10440 7542 23634 17469 3663 6984 7326 22077 1377 9990 5751 25488 15255 20349 14526 16254 11007 26775 8919 6930 20259 13734 26757 11043
 11169 5157 12816 19197 11853 14679 8055 11601 7605 17757 16272 9990 11826 13059 17001 22176 17091 21672 17667 9693 17811 22797 12150 21969 3123 22167 11070 7731 10899 9558 12807 14499 12600 9549 12330 21294 11718 22068 8397 3276 16146 11610 13590 4032 14004 11862 12672 13374 15057 4194 5319 11889 19881 4203 9801 14877 7938 5490 18855 11547 3915 11196 13743 2673 20439 21114 5958 4140 0 22995 15444 17577 2637 18144 15606 12690 9846 11565 20160 13338 2727 8622 9702 19017 5499 11079 6183 21879 11115 16920 12744 12510 7983 23220 10827 10944 16281 12105 23994 15102
 12483 25983 32679 4986 34821 9072 25380 11484 25209 8730 15219 26064 34461 33867 15903 1935 15831 5508 5328 24714 12339 1674 18603 7092 23121 6021 26073 16191 31176 31716 12429 15804 35316 28647 25776 9810 34713 7956 31167 23049 36711 12258 32562 26424 17784 31428 13851 35172 8649 27090 22635 34587 3492 23013 27684 9162 24570 18909 13140 21627 21825 22851 10431 23364 4608 3600 17082 26766 22995 0 36162 11061 25614 12789 7398 35244 21213 34290 4662 11637 23310 30942 27774 8316 27909 25425 23751 2448 13590 7236 16920 10512 16191 2817 33084 33687 7272 17649 10350 36261
