100 
 0 5079 6756 3312 7569 1191 4341 1275 4272 2247 2706 4641 7662 7134 3045 3777 3054 3501 2442 4215 2655 3990 2646 3618 3582 4533 4716 1248 6243 6435 2661 2370 7923 5412 4728 3519 7554 3675 6306 4074 8094 1983 6753 5004 2769 6345 1287 7569 1326 5121 3387 7422 3030 4182 5124 2385 4080 2154 3093 3456 3129 3780 864 4098 3750 3858 1779 4854 3723 4161 7905 2406 4593 2826 1884 7947 3144 7326 3024 2589 3660 6558 5148 2664 5202 4524 3765 3657 2418 1932 2259 909 1239 4077 7293 7131 2445 2349 4404 7929
 5079 0 5124 7209 3558 6171 4176 4860 4029 7326 7077 4818 2910 4986 7338 8493 7365 8511 6930 4809 7506 8691 5763 8685 2679 8013 5211 4089 4503 3573 4776 6498 3207 4353 5679 8574 3429 8751 2883 1011 5952 4608 5505 771 6372 4908 5799 4788 6282 1248 3441 3906 7731 993 4587 5709 4200 3483 7878 5553 3018 5409 5937 996 7581 7854 3309 2133 1719 8661 5706 7377 1386 7632 6228 3135 4992 3786 7941 5010 2529 1710 4539 7743 2496 5256 3657 8418 4260 6906 5934 5307 4200 8889 2382 3603 6279 5733 9468 5493
 6756 5124 0 9999 3222 7869 2433 7506 2487 8382 6795 2346 4599 663 6840 10446 6879 9858 9198 2802 7746 10656 5109 9738 3552 11151 2538 5568 642 1776 8310 6261 4599 1344 2949 9141 3399 9648 2553 5193 1353 7776 513 4356 5688 417 6417 1521 8010 3879 3414 2469 9738 5484 1701 8751 2709 4716 7878 4134 3825 3684 7422 4953 10440 10587 5616 3063 4272 10893 1203 7920 3861 7749 8610 4845 3999 2499 9579 8436 3579 4593 1659 8739 2643 2781 3003 10305 7761 8526 5655 7545 5538 10662 4899 2478 9054 5358 9945 1362
 3312 7209 9999 0 10341 2466 7614 2553 7536 3090 5085 7947 10086 10326 5382 1875 5367 2787 1116 7524 4335 1983 5784 3303 6612 1251 8025 4434 9450 9456 2532 5091 10377 8661 8022 4008 10284 3570 9183 6261 11313 2604 10029 7437 5685 9594 4185 10668 2355 7707 6588 10344 1494 6216 8406 1500 7362 5289 4719 6705 6228 7059 2922 6393 441 648 4506 7725 6399 1662 11112 3879 7248 4524 1431 10332 6444 10236 2154 2274 6648 8895 8424 3183 8139 7833 6996 1932 2976 2241 5280 2457 4473 2355 9588 10032 972 5463 4497 11103
 7569 3558 3222 10341 0 8757 4272 7818 4200 9654 8649 4659 1506 2673 8802 11310 8841 11043 9831 4968 9405 11520 6987 11076 4032 11295 5028 6342 2919 1659 8103 8049 1425 3534 5553 10707 207 11067 1311 4239 3237 7782 3735 3021 7644 3321 7776 1956 8892 2661 4494 777 10548 4404 4029 8886 4500 5454 9666 6264 4518 5895 8400 4050 10752 10983 5913 2718 3951 11607 3021 9435 3093 9471 9147 1692 5874 726 10593 8304 3930 2112 3957 10065 2415 5214 4326 11205 7548 9498 7404 8103 6387 11637 2013 759 9372 7122 11589 2682
 1191 6171 7869 2466 8757 0 5436 1602 5382 1308 2721 5676 8823 8274 3045 2601 3036 2346 1422 5232 2211 2811 3333 2529 4770 3717 5700 2433 7374 7617 2832 2643 9087 6525 5640 2631 8742 2634 7497 5160 9213 2292 7830 6153 3222 7452 1722 8733 141 6288 4542 8610 1872 5235 6204 2094 5166 3339 2658 4287 4314 4668 471 5208 2880 2910 2922 6042 4893 3024 9033 1812 5769 2409 1122 9102 4083 8517 1836 2658 4848 7701 6234 1683 6393 5490 4902 2475 2829 747 2817 987 2412 2886 8433 8319 1830 3009 3462 9075
 4341 4176 2433 7614 4272 5436 0 5175 150 5967 4533 648 5127 2889 4635 8013 4674 7443 6780 726 5418 8220 2826 7344 1668 8793 1038 3186 1989 2685 6123 3960 5268 1101 1527 6798 4362 7269 3018 3777 3783 5532 2415 3495 3462 2016 3999 3495 5577 3156 1149 3789 7305 4086 792 6435 279 2400 5601 1998 1686 1626 4989 3561 8058 8190 3393 2223 2685 8460 3615 5553 2805 5442 6210 5433 1680 3738 7149 6213 1782 4527 810 6336 2142 1107 714 7872 5601 6093 3327 5157 3141 8232 5121 3588 6690 3030 7632 3693
 1275 4860 7506 2553 7818 1602 5175 0 5079 2910 3921 5577 7662 7800 4263 3633 4266 3771 2073 5187 3684 3831 3885 4053 4065 3648 5715 2013 6939 6906 1395 3633 7944 6180 5802 4230 7770 4191 6639 3867 8802 744 7572 4983 4041 7107 2550 8121 1659 5211 4095 7797 2874 3879 5967 1263 4941 2790 4137 4617 3699 4893 1662 3963 2982 3183 1953 5178 3867 3828 8595 3342 4731 3873 1371 7923 4236 7689 3144 1317 4098 6492 5979 3276 5586 5550 4518 3564 1248 2217 3528 618 2091 4038 7209 7488 1581 3600 5052 8571
 4272 4029 2487 7536 4200 5382 150 5079 0 5943 4557 798 5022 2916 4668 7965 4707 7413 6714 843 5424 8172 2853 7326 1518 8706 1185 3102 2013 2634 6009 3975 5169 1143 1668 6798 4284 7257 2931 3627 3831 5424 2496 3351 3495 2073 3975 3492 5523 3018 1026 3741 7251 3936 894 6339 300 2298 5616 2064 1551 1710 4935 3411 7977 8115 3276 2091 2535 8403 3657 5544 2658 5454 6135 5328 1710 3684 7107 6105 1632 4401 900 6318 2028 1245 585 7827 5484 6048 3339 5079 3063 8193 5004 3528 6603 3042 7638 3720
 2247 7326 8382 3090 9654 1308 5967 2910 5943 0 2163 6075 9861 8856 2406 2310 2385 1479 1992 5613 1260 2490 3411 1422 5625 4248 6009 3354 7956 8379 4098 2388 10113 7068 5835 1323 9660 1434 8361 6321 9732 3594 8268 7230 3051 7962 1968 9408 1263 7311 5250 9426 1851 6426 6681 3237 5688 4206 1629 4443 5139 4878 1395 6342 3411 3306 4023 6945 5919 2910 9576 810 6777 1443 2136 10152 4410 9339 1362 3906 5727 8781 6723 420 7245 5778 5544 2139 4131 900 2835 2295 3288 2376 9519 9150 2802 3108 2178 9660
 2706 7077 6795 5085 8649 2721 4533 3921 4557 2163 0 4449 9168 7350 339 4464 345 3483 3972 4002 1047 4635 1707 3180 4776 6306 4281 3078 6477 7173 5313 606 9381 5577 3987 2412 8700 3015 7341 6159 8115 4662 6588 6759 1110 6390 1455 8019 2793 6696 4176 8271 4002 6354 5121 4776 4266 3600 1083 2664 4296 3117 2376 6096 5457 5403 3975 6081 5424 5073 7995 1401 6165 987 3840 9474 2853 8205 3519 5202 4914 8238 5175 2343 6267 4038 4326 4290 5121 2862 1245 3384 2946 4473 8955 8037 4548 1530 3159 8139
 4641 4818 2346 7947 4659 5676 648 5577 798 6075 4449 0 5628 2907 4503 8208 4542 7554 7056 462 5400 8412 2763 7410 2304 9150 408 3564 2058 3015 6603 3912 5748 1185 936 6795 4767 7311 3465 4422 3684 5988 2193 4131 3345 1941 4125 3621 5814 3777 1713 4101 7527 4731 690 6837 723 2865 5532 1797 2268 1356 5214 4209 8388 8499 3888 2829 3330 8688 3549 5583 3444 5400 6525 5928 1668 4065 7314 6678 2421 5100 753 6420 2700 558 1308 8058 6099 6291 3312 5499 3498 8394 5670 3936 7047 3018 7596 3690
 7662 2910 4599 10086 1506 8823 5127 7662 5022 9861 9168 5628 0 4110 9366 11268 9402 11160 9729 5853 9804 11472 7596 11265 4392 10920 6027 6510 4191 2871 7683 8562 303 4629 6561 11019 1299 11295 2199 3825 4740 7482 5103 2685 8256 4626 8109 3453 8946 2550 5025 2265 10503 3888 5082 8592 5304 5700 10116 7029 4878 6720 8523 3702 10467 10734 5901 3099 3942 11487 4521 9765 3084 9894 9030 309 6561 2190 10644 7914 4257 1200 5013 10281 3009 6180 4983 11184 7158 9570 7932 8046 6585 11640 648 2145 9141 7674 11916 4188
 7134 4986 663 10326 2673 8274 2889 7800 2916 8856 7350 2907 4110 0 7413 10869 7452 10329 9570 3348 8280 11076 5652 10233 3765 11448 3141 5916 903 1446 8517 6801 4083 1794 3579 9669 2865 10155 2223 5181 1032 8016 1137 4230 6249 990 6888 864 8415 3744 3753 1902 10146 5457 2229 9027 3168 5037 8430 4704 4101 4260 7839 4944 10764 10929 5874 3042 4353 11289 804 8433 3822 8292 8961 4338 4521 1947 10020 8658 3765 4245 2178 9228 2589 3378 3372 10731 7959 8955 6183 7887 5901 11103 4473 1965 9369 5886 10488 804
 3045 7338 6840 5382 8802 3045 4635 4263 4668 2406 339 4503 9366 7413 0 4683 39 3657 4266 4068 1206 4845 1821 3318 4983 6594 4308 3375 6549 7296 5652 840 9573 5655 3978 2493 8859 3129 7497 6432 8148 5001 6609 6996 1173 6441 1785 8103 3111 6915 4353 8400 4257 6636 5184 5109 4374 3855 1110 2709 4509 3156 2709 6363 5745 5679 4275 6273 5667 5301 8034 1614 6390 1095 4158 9675 2958 8337 3747 5538 5124 8460 5241 2544 6438 4065 4476 4509 5460 3147 1437 3720 3243 4665 9171 8175 4869 1695 3174 8193
 3777 8493 10446 1875 11310 2601 8013 3633 7965 2310 4464 8208 11268 10869 4683 0 4656 1197 1569 7755 3486 210 5658 1734 7356 2520 8190 5025 9966 10212 4164 4689 11547 9108 8064 2631 11283 2022 10068 7497 11796 4002 10386 8586 5352 10029 4101 11337 2460 8775 7143 11193 768 7512 8769 3063 7740 5934 3744 6678 6909 7095 3030 7584 1893 1602 5409 8607 7392 645 11622 3069 8271 3633 2268 11538 6570 11097 948 3903 7428 10113 8802 2145 8970 7971 7497 174 4485 1920 5091 3225 5010 483 10833 10899 2415 5343 2853 11670
 3054 7365 6879 5367 8841 3036 4674 4266 4707 2385 345 4542 9402 7452 39 4656 0 3627 4251 4107 1179 4818 1857 3285 5016 6579 4347 3399 6588 7335 5655 867 9606 5694 4017 2457 8895 3093 7533 6459 8187 5004 6648 7026 1212 6480 1797 8142 3102 6948 4389 8439 4236 6663 5223 5103 4410 3885 1074 2748 4542 3195 2706 6390 5730 5661 4296 6306 5697 5277 8073 1590 6420 1062 4152 9708 2997 8376 3723 5541 5157 8493 5280 2517 6474 4104 4512 4482 5466 3132 1470 3723 3264 4638 9204 8211 4860 1731 3135 8232
 3501 8511 9858 2787 11043 2346 7443 3771 7413 1479 3483 7554 11160 10329 3657 1197 3627 0 2013 7095 2454 1296 4875 543 7023 3654 7488 4704 9429 9816 4647 3810 11424 8544 7299 1437 11037 831 9762 7500 11211 4314 9747 8496 4473 9441 3444 10869 2229 8622 6693 10848 1299 7566 8160 3594 7164 5589 2640 5910 6543 6348 2649 7551 2934 2697 5262 8325 7224 1836 11055 2091 8097 2571 2562 11445 5889 10758 690 4407 7113 10047 8199 1161 8649 7254 7002 1038 4845 1605 4299 3231 4656 1026 10779 10566 2991 4578 1719 11136
 2442 6930 9198 1116 9831 1422 6780 2073 6714 1992 3972 7056 9729 9570 4266 1569 4251 2013 0 6618 3225 1764 4752 2457 5946 2340 7098 3657 8679 8811 2667 3996 10011 7854 7053 3024 9795 2688 8616 5940 10533 2439 9189 7047 4608 8784 3138 9978 1296 7257 5817 9759 840 5946 7560 1590 6516 4554 3618 5706 5523 6084 1893 6036 1491 1491 3918 7149 5889 1776 10344 2772 6765 3414 702 9993 5490 9657 1323 2418 6003 8565 7584 2133 7533 6894 6204 1521 2940 1128 4227 1731 3669 2001 9282 9456 978 4428 3630 10362
 4215 4809 2802 7524 4968 5232 726 5187 843 5613 4002 462 5853 3348 4068 7755 4107 7095 6618 0 4944 7959 2310 6948 2190 8736 543 3174 2481 3351 6258 3459 5991 1590 879 6339 5064 6852 3732 4320 4143 5628 2655 4161 2901 2394 3666 4038 5370 3846 1506 4449 7077 4626 1119 6447 612 2532 5085 1368 2061 948 4767 4122 7965 8070 3564 2931 3231 8238 4005 5124 3462 4947 6099 6156 1206 4404 6858 6321 2325 5244 1173 5961 2868 465 1170 7605 5766 5838 2853 5082 3099 7935 5847 4266 6633 2559 7146 4137
 2655 7506 7746 4335 9405 2211 5418 3684 5424 1260 1047 5400 9804 8280 1206 3486 1179 2454 3225 4944 0 3645 2637 2133 5430 5508 5262 3417 7392 7995 5013 1491 10032 6492 5001 1398 9438 1971 8094 6537 9081 4422 7566 7281 2115 7338 1713 8913 2235 7281 4914 9081 3105 6696 6057 4296 5142 4116 453 3648 4938 4098 2022 6510 4668 4569 4248 6762 5937 4113 8949 456 6741 198 3252 10104 3759 9009 2559 4857 5556 8805 6105 1344 6996 5022 5127 3312 4932 2100 2097 3081 3306 3459 9534 8832 3951 2394 2214 9075
 3990 8691 10656 1983 11520 2811 8220 3831 8172 2490 4635 8412 11472 11076 4845 210 4818 1296 1764 7959 3645 0 5853 1815 7569 2526 8394 5235 10176 10422 4329 4872 11751 9315 8262 2733 11493 2100 10278 7695 12003 4185 10593 8790 5535 10236 4302 11547 2670 8982 7353 11406 975 7710 8973 3228 7947 6144 3888 6876 7119 7296 3240 7785 1956 1647 5616 8817 7599 558 11829 3237 8478 3786 2463 11742 6771 11307 1131 4068 7638 10314 9009 2304 9180 8172 7707 357 4662 2127 5283 3432 5223 402 11034 11109 2580 5538 2892 11880
 2646 5763 5109 5784 6987 3333 2826 3885 2853 3411 1707 2763 7596 5652 1821 5658 1857 4875 4752 2310 2637 5853 0 4680 3249 7035 2634 2247 4773 5478 5220 1149 7791 3873 2424 4035 7044 4566 5682 4944 6444 4533 4932 5334 663 4701 1614 6312 3456 5202 2571 6579 5049 5187 3423 5031 2559 2355 2781 1035 2802 1479 2868 4833 6207 6243 3090 4497 4050 6201 6312 2841 4692 2640 4377 7902 1146 6516 4725 5187 3399 6741 3477 3720 4635 2397 2661 5496 4866 3801 576 3543 2106 5778 7434 6354 5022 324 4836 6444
 3618 8685 9738 3303 11076 2529 7344 4053 7326 1422 3180 7410 11265 10233 3318 1734 3285 543 2457 6948 2133 1815 4680 0 7044 4197 7314 4764 9333 9792 5031 3573 11523 8439 7092 939 11082 288 9780 7674 11085 4647 9597 8622 4224 9321 3360 10803 2433 8718 6663 10842 1812 7761 8037 4011 7065 5625 2247 5715 6558 6159 2754 7710 3468 3240 5397 8367 7323 2364 10938 1842 8187 2223 2937 11556 5742 10758 1158 4800 7146 10176 8079 1017 8667 7077 6948 1578 5187 1836 4113 3477 4704 1503 10911 10569 3432 4401 1191 11037
 3582 2679 3552 6612 4032 4770 1668 4065 1518 5625 4776 2304 4392 3765 4983 7356 5016 7023 5946 2190 5430 7569 3249 7044 0 7701 2655 2337 2940 2865 4764 4173 4611 2322 3069 6696 4041 7038 2742 2133 4782 4251 3726 2124 3900 3186 3762 4056 4908 1953 762 3840 6603 2439 2313 5271 1608 1434 5727 2892 495 2727 4389 1932 7044 7230 2118 1335 1041 7707 4566 5427 1452 5514 5295 4698 2343 3747 6594 4896 153 3492 2292 6033 1626 2652 1020 7239 4212 5502 3546 4224 2370 7656 4191 3552 5643 3297 7584 4518
 4533 8013 11151 1251 11295 3717 8793 3648 8706 4248 6306 9150 10920 11448 6594 2520 6579 3654 2340 8736 5508 2526 7035 4197 7701 0 9243 5607 10587 10515 3237 6333 11217 9819 9255 5010 11223 4482 10188 7119 12450 3519 11205 8328 6936 10749 5436 11748 3606 8637 7737 11352 2475 7032 9585 2439 8547 6432 5868 7950 7347 8298 4173 7278 849 969 5583 8748 7389 2007 12243 5055 8214 5691 2670 11148 7674 11244 3129 3009 7725 9720 9603 4281 9177 9057 8157 2646 3768 3447 6531 3654 5661 2928 10386 11037 2106 6714 5358 12216
 4716 5211 2538 8025 5028 5700 1038 5715 1185 6009 4281 408 6027 3141 4308 8190 4347 7488 7098 543 5262 8394 2634 7314 2655 9243 0 3705 2334 3375 6798 3774 6141 1512 534 6660 5142 7200 3852 4785 3840 6165 2307 4530 3171 2154 4092 3897 5835 4182 2013 4446 7530 5091 1005 6972 1050 3075 5364 1617 2571 1164 5232 4578 8463 8559 4107 3237 3690 8691 3726 5475 3840 5250 6597 6324 1623 4416 7284 6858 2781 5511 1074 6342 3108 243 1641 8040 6306 6285 3201 5592 3624 8355 6075 4296 7143 2913 7440 3900
 1248 4089 5568 4434 6342 2433 3186 2013 3102 3354 3078 3564 6510 5916 3375 5025 3399 4704 3657 3174 3417 5235 2247 4764 2337 5607 3705 0 5031 5187 3150 2553 6762 4227 3819 4524 6336 4785 5070 3126 6891 2487 5598 3903 2655 5160 1713 6327 2571 3960 2166 6177 4278 3297 3978 3273 2940 909 3795 2733 1884 2946 2058 3096 4875 5019 903 3624 2577 5397 6696 3297 3426 3546 3045 6801 2280 6084 4260 3180 2418 5448 3996 3771 3960 3546 2565 4905 2715 3165 2130 1980 144 5319 6183 5889 3504 2052 5424 6708
 6243 4503 642 9450 2919 7374 1989 6939 2013 7956 6477 2058 4191 903 6549 9966 6588 9429 8679 2481 7392 10176 4773 9333 2940 10587 2334 5031 0 1323 7704 5919 4227 903 2814 8778 3075 9258 2052 4551 1863 7182 1014 3732 5382 444 5985 1566 7518 3258 2865 2229 9246 4842 1368 8172 2268 4161 7554 3849 3243 3414 6936 4311 9888 10047 5028 2424 3633 10392 1665 7539 3225 7410 8076 4458 3636 2226 9117 7836 2958 4065 1308 8325 2010 2562 2478 9831 7152 8052 5298 7005 5010 10203 4431 2160 8499 4998 9603 1707
 6435 3573 1776 9456 1659 7617 2685 6906 2634 8379 7173 3015 2871 1446 7296 10212 7335 9816 8811 3351 7995 10422 5478 9792 2865 10515 3375 5187 1323 0 7446 6582 2910 1875 3900 9342 1794 9753 783 3873 2382 7014 2265 2832 6126 1758 6441 1281 7755 2352 3129 1107 9462 4128 2373 8076 2934 4278 8220 4683 3303 4293 7215 3639 9885 10083 4950 1806 3186 10572 2133 8073 2517 8043 8160 3138 4341 1056 9426 7614 2814 2826 2304 8775 1353 3570 2871 10089 6885 8337 5937 7089 5202 10497 3129 921 8487 5646 10203 1932
 2661 4776 8310 2532 8103 2832 6123 1395 6009 4098 5313 6603 7683 8517 5652 4164 5655 4647 2667 6258 5013 4329 5220 5031 4764 3237 6798 3150 7704 7446 0 5025 7980 7035 6954 5382 8019 5220 7047 3894 9540 687 8448 5109 5418 7935 3942 8712 2847 5442 4986 8211 3495 3795 6900 1101 5919 3738 5466 5868 4503 6096 3003 4062 2853 3159 2730 5649 4269 4143 9318 4638 5046 5208 2091 7911 5430 8097 3963 261 4752 6486 6900 4416 6096 6660 5424 4149 564 3276 4896 1947 3261 4629 7152 7893 1749 4947 6132 9246
 2370 6498 6261 5091 8049 2643 3960 3633 3975 2388 606 3912 8562 6801 840 4689 867 3810 3996 3459 1491 4872 1149 3573 4173 6333 3774 2553 5919 6582 5025 0 8775 5019 3522 2889 8097 3438 6738 5592 7593 4356 6078 6165 666 5853 1083 7452 2739 6093 3570 7680 4149 5799 4575 4602 3687 3015 1641 2157 3690 2610 2229 5523 5487 5469 3456 5475 4833 5268 7464 1731 5565 1488 3759 8868 2286 7611 3744 4938 4311 7638 4626 2649 5664 3531 3729 4521 4782 2937 645 3147 2415 4758 8352 7443 4455 936 3687 7596
 7923 3207 4599 10377 1425 9087 5268 7944 5169 10113 9381 5748 303 4083 9573 11547 9606 11424 10011 5991 10032 11751 7791 11523 4611 11217 6141 6762 4227 2910 7980 8775 0 4716 6678 11259 1224 11547 2292 4116 4656 7773 5109 2964 8451 4653 8343 3381 9213 2805 5223 2199 10779 4185 5181 8883 5457 5940 10338 7194 5100 6876 8781 3990 10761 11025 6168 3300 4200 11772 4443 10002 3336 10122 9312 276 6738 2139 10911 8211 4479 1497 5112 10533 3174 6303 5160 11457 7455 9837 8142 8322 6834 11913 933 2124 9429 7878 12156 4101
 5412 4353 1344 8661 3534 6525 1101 6180 1143 7068 5577 1185 4629 1794 5655 9108 5694 8544 7854 1590 6492 9315 3873 8439 2322 9819 1512 4227 903 1875 7035 5019 4716 0 2028 7878 3660 8361 2427 4203 2688 6477 1413 3600 4485 933 5100 2448 6666 3168 2085 2934 8397 4512 507 7428 1380 3387 6654 2958 2532 2532 6081 3969 9099 9246 4317 2226 3183 9549 2517 6639 2985 6507 7269 4917 2736 2907 8247 7146 2379 4272 438 7434 1932 1722 1665 8967 6495 7188 4395 6204 4194 9330 4755 2793 7719 4098 8703 2598
 4728 5679 2949 8022 5553 5640 1527 5802 1668 5835 3987 936 6561 3579 3978 8064 4017 7299 7053 879 5001 8262 2424 7092 3069 9255 534 3819 2814 3900 6954 3522 6678 2028 0 6393 5673 6960 4386 5199 4200 6303 2655 5016 2886 2589 3972 4365 5772 4683 2373 4962 7431 5505 1527 7047 1479 3291 5061 1392 2922 975 5166 5001 8457 8532 4320 3747 4110 8592 4110 5250 4320 4968 6591 6861 1584 4935 7140 6996 3204 6033 1596 6141 3633 423 2049 7908 6486 6180 3000 5625 3723 8199 6606 4821 7173 2730 7140 4311
 3519 8574 9141 4008 10707 2631 6798 4230 6798 1323 2412 6795 11019 9669 2493 2631 2457 1437 3024 6339 1398 2733 4035 939 6696 5010 6660 4524 8778 9342 5382 2889 11259 7878 6393 0 10728 684 9399 7578 10479 4905 8964 8427 3507 8730 2934 10287 2574 8475 6231 10416 2547 7698 7446 4455 6519 5319 1386 5046 6201 5496 2694 7581 4236 4041 5265 8028 7098 3270 10344 1272 7935 1428 3345 11313 5148 10338 1884 5175 6810 9972 7497 966 8292 6420 6471 2466 5445 2109 3486 3618 4440 2439 10707 10158 3948 3783 900 10467
 7554 3429 3399 10284 207 8742 4362 7770 4284 9660 8700 4767 1299 2865 8859 11283 8895 11037 9795 5064 9438 11493 7044 11082 4041 11223 5142 6336 3075 1794 8019 8097 1224 3660 5673 10728 0 11076 1362 4143 3444 7716 3912 2925 7707 3486 7797 2160 8877 2586 4533 978 10518 4299 4149 8823 4581 5457 9705 6345 4530 5985 8391 3963 10692 10929 5880 2715 3906 11571 3228 9459 3039 9507 9108 1488 5940 918 10578 8229 3933 1938 4080 10071 2442 5325 4383 11181 7470 9486 7452 8070 6384 11619 1809 924 9318 7173 11616 2889
 3675 8751 9648 3570 11067 2634 7269 4191 7257 1434 3015 7311 11295 10155 3129 2022 3093 831 2688 6852 1971 2100 4566 288 7038 4482 7200 4785 9258 9753 5220 3438 11547 8361 6960 684 11076 0 9765 7746 10992 4809 9495 8664 4080 9234 3315 10743 2547 8745 6627 10815 2076 7842 7947 4221 6990 5628 2037 5592 6546 6042 2814 7770 3744 3519 5454 8364 7356 2652 10851 1728 8211 2040 3132 11586 5649 10731 1416 4995 7143 10218 7995 1017 8652 6963 6897 1866 5349 1980 4002 3603 4716 1782 10953 10545 3657 4296 939 10956
 6306 2883 2553 9183 1311 7497 3018 6639 2931 8361 7341 3465 2199 2223 7497 10068 7533 9762 8616 3732 8094 10278 5682 9780 2742 10188 3852 5070 2052 783 7047 6738 2292 2427 4386 9399 1362 9765 0 3315 3114 6669 3030 2181 6342 2496 6471 1905 7635 1722 3183 1167 9309 3540 2889 7758 3228 4173 8355 4989 3222 4641 7125 3093 9603 9819 4704 1467 2799 10389 2865 8127 2010 8157 7944 2490 4578 1056 9327 7233 2652 2043 2820 8769 1116 4020 3021 9957 6486 8235 6093 6885 5106 10383 2382 852 8211 5814 10281 2625
 4074 1011 5193 6261 4239 5160 3777 3867 3627 6321 6159 4422 3825 5181 6432 7497 6459 7500 5940 4320 6537 7695 4944 7674 2133 7119 4785 3126 4551 3873 3894 5592 4116 4203 5199 7578 4143 7746 3315 0 6198 3660 5499 1221 5523 4911 4839 5148 5274 1608 2847 4443 6735 312 4329 4767 3738 2604 6921 4863 2340 4782 4932 240 6645 6909 2313 2145 1092 7683 5955 6393 1365 6669 5238 4074 4290 4326 6933 4113 2001 2637 4296 6738 2592 4785 3153 7419 3354 5895 5058 4302 3243 7890 3345 4125 5319 4881 8469 5793
 8094 5952 1353 11313 3237 9213 3783 8802 3831 9732 8115 3684 4740 1032 8148 11796 8187 11211 10533 4143 9081 12003 6444 11085 4782 12450 3840 6891 1863 2382 9540 7593 4656 2688 4200 10479 3444 10992 3114 6198 0 9033 1545 5208 7008 1770 7767 1299 9354 4725 4728 2478 11085 6468 3051 10035 4059 6024 9201 5451 5103 4998 8769 5958 11754 11910 6885 4062 5382 12237 249 9264 4833 9078 9936 4926 5343 2562 10932 9681 4788 5064 3012 10089 3606 4083 4329 11655 8985 9876 6996 8868 6867 12015 5187 2652 10362 6699 11274 555
 1983 4608 7776 2604 7782 2292 5532 744 5424 3594 4662 5988 7482 8016 5001 4002 5004 4314 2439 5628 4422 4185 4533 4647 4251 3519 6165 2487 7182 7014 687 4356 7773 6477 6303 4905 7716 4809 6669 3660 9033 0 7887 4842 4734 7389 3270 8262 2331 5130 4407 7833 3279 3615 6315 1110 5316 3132 4875 5190 3951 5430 2400 3795 2988 3252 2160 5235 3870 4086 8817 4068 4695 4611 1773 7728 4767 7725 3654 693 4257 6291 6321 3942 5667 6018 4845 3960 540 2835 4212 1341 2592 4443 6987 7518 1674 4260 5697 8763
 6753 5505 513 10029 3735 7830 2415 7572 2496 8268 6588 2193 5103 1137 6609 10386 6648 9747 9189 2655 7566 10593 4932 9597 3726 11205 2307 5598 1014 2265 8448 6078 5109 1413 2655 8964 3912 9495 3030 5499 1545 7887 0 4734 5478 594 6315 2001 7971 4263 3486 2982 9693 5796 1629 8829 2673 4785 7671 3924 3945 3471 7374 5259 10473 10605 5730 3402 4530 10854 1470 7767 4200 7557 8625 5355 3858 3012 9501 8559 3774 5061 1608 8613 3006 2550 3054 10239 7908 8466 5493 7572 5556 10581 5391 2991 9099 5199 9747 1716
 5004 771 4356 7437 3021 6153 3495 4983 3351 7230 6759 4131 2685 4230 6996 8586 7026 8496 7047 4161 7281 8790 5334 8622 2124 8328 4530 3903 3732 2832 5109 6165 2964 3600 5016 8427 2925 8664 2181 1221 5208 4842 4734 0 5970 4140 5568 4071 6273 486 2880 3267 7818 1389 3855 5952 3549 3174 7626 5013 2535 4824 5868 1050 7830 8085 3231 1374 1344 8808 4962 7197 699 7392 6348 2955 4467 3147 7965 5322 1971 1554 3804 7650 1728 4593 3033 8499 4563 6897 5568 5364 3993 8958 2289 2955 6483 5343 9327 4761
 2769 6372 5688 5685 7644 3222 3462 4041 3495 3051 1110 3345 8256 6249 1173 5352 1212 4473 4608 2901 2115 5535 663 4224 3900 6936 3171 2655 5382 6126 5418 666 8451 4485 2886 3507 7707 4080 6342 5523 7008 4734 5478 5970 0 5286 1545 6930 3330 5850 3231 7230 4800 5754 4020 5097 3198 2919 2193 1557 3444 2007 2784 5424 6093 6090 3543 5157 4668 5928 6885 2391 5334 2085 4323 8562 1788 7170 4407 5358 4047 7389 4077 3312 5298 2928 3324 5184 5121 3576 537 3615 2514 5424 8088 7008 5004 642 4269 7035
 6345 4908 417 9594 3321 7452 2016 7107 2073 7962 6390 1941 4626 990 6441 10029 6480 9441 8784 2394 7338 10236 4701 9321 3186 10749 2154 5160 444 1758 7935 5853 4653 933 2589 8730 3486 9234 2496 4911 1770 7389 594 4140 5286 0 5997 1797 7593 3669 3012 2604 9321 5208 1287 8355 2289 4317 7473 3732 3441 3285 7005 4668 10032 10179 5229 2808 3954 10476 1617 7509 3606 7341 8202 4887 3585 2616 9162 8055 3222 4512 1242 8322 2412 2394 2595 9888 7389 8109 5244 7140 5127 10245 4875 2565 8652 4947 9537 1752
 1287 5799 6417 4185 7776 1722 3999 2550 3975 1968 1455 4125 8109 6888 1785 4101 1797 3444 3138 3666 1713 4302 1614 3360 3762 5436 4092 1713 5985 6441 3942 1083 8343 5100 3972 2934 7797 3315 6471 4839 7767 3270 6315 5568 1545 5997 0 7446 1842 5574 3315 7503 3459 5010 4719 3555 3720 2409 2082 2595 3270 3000 1263 4803 4602 4629 2577 5097 4224 4617 7608 1665 5034 1833 2793 8406 2472 7422 3192 3858 3879 7095 4758 2346 5361 3870 3588 3948 3705 2208 1098 2079 1599 4269 7827 7236 3465 1290 3822 7692
 7569 4788 1521 10668 1956 8733 3495 8121 3492 9408 8019 3621 3453 864 8103 11337 8142 10869 9978 4038 8913 11547 6312 10803 4056 11748 3897 6327 1566 1281 8712 7452 3381 2448 4365 10287 2160 10743 1905 5148 1299 8262 2001 4071 6930 1797 7446 0 8874 3597 4197 1188 10599 5397 2931 9312 3768 5427 9090 5406 4458 4977 8316 4917 11100 11286 6168 3084 4458 11724 1071 9036 3795 8937 9342 3648 5169 1266 10518 8874 4023 3783 2871 9792 2628 4128 3864 11208 8151 9438 6822 8268 6330 11598 3888 1356 9699 6522 11127 756
 1326 6282 8010 2355 8892 141 5577 1659 5523 1263 2793 5814 8946 8415 3111 2460 3102 2229 1296 5370 2235 2670 3456 2433 4908 3606 5835 2571 7518 7755 2847 2739 9213 6666 5772 2574 8877 2547 7635 5274 9354 2331 7971 6273 3330 7593 1842 8874 0 6417 4683 8748 1731 5343 6345 2061 5307 3477 2676 4416 4452 4800 606 5325 2766 2787 3045 6177 5019 2883 9174 1824 5898 2433 1047 9228 4221 8655 1704 2664 4986 7824 6375 1617 6528 5628 5043 2337 2871 624 2934 1056 2553 2751 8556 8457 1758 3132 3393 9216
 5121 1248 3879 7707 2661 6288 3156 5211 3018 7311 6696 3777 2550 3744 6915 8775 6948 8622 7257 3846 7281 8982 5202 8718 1953 8637 4182 3960 3258 2352 5442 6093 2805 3168 4683 8475 2586 8745 1722 1608 4725 5130 4263 486 5850 3669 5574 3597 6417 0 2673 2835 8007 1821 3453 6237 3237 3165 7605 4794 2409 4569 5979 1401 8109 8352 3375 960 1398 9030 4479 7224 540 7380 6564 2841 4266 2718 8118 5646 1803 1545 3399 7731 1263 4263 2766 8679 4887 7038 5481 5550 4038 9132 2259 2520 6741 5238 9372 4281
 3387 3441 3414 6588 4494 4542 1149 4095 1026 5250 4176 1713 5025 3753 4353 7143 4389 6693 5817 1506 4914 7353 2571 6663 762 7737 2013 2166 2865 3129 4986 3570 5223 2085 2373 6231 4533 6627 3183 2847 4728 4407 3486 2880 3231 3012 3315 4197 4683 2673 0 4188 6408 3147 1914 5346 990 1305 5175 2133 558 1968 4119 2661 7026 7182 2256 1926 1773 7545 4533 4959 2196 4977 5211 5331 1596 4110 6324 5085 915 4194 1914 5646 2094 1971 438 7011 4458 5241 2928 4140 2148 7404 4875 3927 5640 2658 7104 4545
 7422 3906 2469 10344 777 8610 3789 7797 3741 9426 8271 4101 2265 1902 8400 11193 8439 10848 9759 4449 9081 11406 6579 10842 3840 11352 4446 6177 2229 1107 8211 7680 2199 2934 4962 10416 978 10815 1167 4443 2478 7833 2982 3267 7230 2604 7503 1188 8748 2835 4188 0 10437 4650 3441 8922 4038 5274 9312 5787 4305 5394 8226 4230 10764 10980 5853 2619 3963 11529 2256 9147 3168 9132 9090 2466 5445 120 10434 8400 3765 2685 3372 9828 2226 4650 3957 11079 7650 9342 7035 8028 6207 11499 2718 318 9369 6744 11286 1926
 3030 7731 9738 1494 10548 1872 7305 2874 7251 1851 4002 7527 10503 10146 4257 768 4236 1299 840 7077 3105 975 5049 1812 6603 2475 7530 4278 9246 9462 3495 4149 10779 8397 7431 2547 10518 2076 9309 6735 11085 3279 9693 7818 4800 9321 3459 10599 1731 8007 6408 10437 0 6753 8070 2406 7035 5184 3429 6054 6159 6459 2319 6819 1686 1506 4641 7845 6627 1164 10905 2658 7503 3273 1518 10773 5907 10341 669 3243 6672 9348 8100 1818 8214 7314 6774 690 3777 1251 4491 2460 4269 1167 10068 10140 1767 4728 3003 10944
 4182 993 5484 6216 4404 5235 4086 3879 3936 6426 6354 4731 3888 5457 6636 7512 6663 7566 5946 4626 6696 7710 5187 7761 2439 7032 5091 3297 4842 4128 3795 5799 4185 4512 5505 7698 4299 7842 3540 312 6468 3615 5796 1389 5754 5208 5010 5397 5343 1821 3147 4650 6753 0 4641 4716 4044 2835 7086 5142 2631 5073 5031 543 6588 6861 2451 2427 1401 7671 6222 6531 1635 6834 5247 4122 4569 4530 6984 4023 2310 2691 4605 6840 2871 5091 3459 7443 3270 5961 5280 4347 3420 7914 3375 4335 5286 5112 8586 6054
 5124 4587 1701 8406 4029 6204 792 5967 894 6681 5121 690 5082 2229 5184 8769 5223 8160 7560 1119 6057 8973 3423 8037 2313 9585 1005 3978 1368 2373 6900 4575 5181 507 1527 7446 4149 7947 2889 4329 3051 6315 1629 3855 4020 1287 4719 2931 6345 3453 1914 3441 8070 4641 0 7227 1044 3189 6201 2481 2424 2043 5751 4101 8847 8976 4170 2493 3267 9228 2901 6222 3201 6063 6996 5373 2301 3411 7890 6996 2400 4656 69 7038 2268 1215 1476 8625 6372 6846 3960 5946 3930 8973 5175 3294 7479 3663 8259 3021
 2385 5709 8751 1500 8886 2094 6435 1263 6339 3237 4776 6837 8592 9027 5109 3063 5103 3594 1590 6447 4296 3228 5031 4011 5271 2439 6972 3273 8172 8076 1101 4602 8883 7428 7047 4455 8823 4221 7758 4767 10035 1110 8829 5952 5097 8355 3555 9312 2061 6237 5346 8922 2406 4716 7227 0 6201 4044 4737 5826 4932 6123 2403 4905 1878 2148 3153 6312 4959 3054 9825 3882 5796 4494 1110 8835 5472 8814 2907 843 5292 7398 7236 3501 6738 6804 5772 3051 1485 2358 4614 1491 3348 3528 8088 8607 648 4728 5151 9789
 4080 4200 2709 7362 4500 5166 279 4941 300 5688 4266 723 5304 3168 4374 7740 4410 7164 6516 612 5142 7947 2559 7065 1608 8547 1050 2940 2268 2934 5919 3687 5457 1380 1479 6519 4581 6990 3228 3738 4059 5316 2673 3549 3198 2289 3720 3768 5307 3237 990 4038 7035 4044 1044 6201 0 2184 5328 1764 1545 1419 4716 3534 7806 7932 3192 2331 2646 8190 3894 5274 2853 5169 5955 5610 1413 3981 6873 6003 1737 4653 1068 6057 2301 1056 594 7599 5406 5820 3054 4905 2889 7956 5271 3828 6441 2757 7356 3972
 2154 3483 4716 5289 5454 3339 2400 2790 2298 4206 3600 2865 5700 5037 3855 5934 3885 5589 4554 2532 4116 6144 2355 5625 1434 6432 3075 909 4161 4278 3738 3015 5940 3387 3291 5319 5457 5628 4173 2604 6024 3132 4785 3174 2919 4317 2409 5427 3477 3165 1305 5274 5184 2835 3189 4044 2184 0 4455 2478 975 2553 2955 2514 5727 5889 1035 2742 1830 6303 5826 4065 2625 4221 3927 6000 1929 5181 5160 3819 1524 4689 3198 4620 3063 2955 1728 5811 3237 4068 2460 2853 933 6225 5418 4986 4338 2277 6216 5823
 3093 7878 7878 4719 9666 2658 5601 4137 5616 1629 1083 5532 10116 8430 1110 3744 1074 2640 3618 5085 453 3888 2781 2247 5727 5868 5364 3795 7554 8220 5466 1641 10338 6654 5061 1386 9705 2037 8355 6921 9201 4875 7671 7626 2193 7473 2082 9090 2676 7605 5175 9312 3429 7086 6201 4737 5328 4455 0 3750 5238 4200 2475 6885 5034 4917 4647 7053 6285 4380 9078 864 7068 267 3681 10419 3924 9243 2844 5310 5859 9138 6255 1620 7266 5121 5358 3570 5385 2502 2280 3534 3681 3663 9864 9072 4374 2577 2079 9222
 3456 5553 4134 6705 6264 4287 1998 4617 2064 4443 2664 1797 7029 4704 2709 6678 2748 5910 5706 1368 3648 6876 1035 5715 2892 7950 1617 2733 3849 4683 5868 2157 7194 2958 1392 5046 6345 5592 4989 4863 5451 5190 3924 5013 1557 3732 2595 5406 4416 4794 2133 5787 6054 5142 2481 5826 1764 2478 3750 0 2541 453 3816 4710 7137 7194 3423 3972 3849 7209 5331 3873 4329 3633 5280 7335 573 5736 5751 5874 3045 6291 2538 4755 4020 1377 2058 6519 5451 4800 1611 4365 2613 6810 6945 5586 5892 1338 5823 5484
 3129 3018 3825 6228 4518 4314 1686 3699 1551 5139 4296 2268 4878 4101 4509 6909 4542 6543 5523 2061 4938 7119 2802 6558 495 7347 2571 1884 3243 3303 4503 3690 5100 2532 2922 6201 4530 6546 3222 2340 5103 3951 3945 2535 3444 3441 3270 4458 4452 2409 558 4305 6159 2631 2424 4932 1545 975 5238 2541 0 2442 3921 2175 6666 6837 1791 1827 1305 7275 4896 4932 1890 5022 4887 5184 1974 4215 6129 4617 621 3954 2418 5547 2109 2526 972 6786 3963 5037 3072 3810 1902 7197 4662 4023 5268 2829 7092 4875
 3780 5409 3684 7059 5895 4668 1626 4893 1710 4878 3117 1356 6720 4260 3156 7095 3195 6348 6084 948 4098 7296 1479 6159 2727 8298 1164 2946 3414 4293 6096 2610 6876 2532 975 5496 5985 6042 4641 4782 4998 5430 3471 4824 2007 3285 3000 4977 4800 4569 1968 5394 6459 5073 2043 6123 1419 2553 4200 453 2442 0 4194 4611 7494 7563 3549 3708 3732 7617 4881 4320 4131 4086 5631 7026 663 5346 6174 6120 2880 6036 2106 5196 3714 924 1806 6939 5652 5208 2052 4683 2838 7239 6672 5205 6222 1770 6276 5037
 864 5937 7422 2922 8400 471 4989 1662 4935 1395 2376 5214 8523 7839 2709 3030 2706 2649 1893 4767 2022 3240 2868 2754 4389 4173 5232 2058 6936 7215 3003 2229 8781 6081 5166 2694 8391 2814 7125 4932 8769 2400 7374 5868 2784 7005 1263 8316 606 5979 4119 8226 2319 5031 5751 2403 4716 2955 2475 3816 3921 4194 0 4959 3342 3381 2643 5682 4581 3477 8592 1686 5448 2214 1539 8808 3615 8133 2211 2862 4476 7422 5781 1812 6015 5022 4467 2895 2910 1122 2361 1059 2019 3285 8157 7938 2226 2544 3570 8640
 4098 996 4953 6393 4050 5208 3561 3963 3411 6342 6096 4209 3702 4944 6363 7584 6390 7551 6036 4122 6510 7785 4833 7710 1932 7278 4578 3096 4311 3639 4062 5523 3990 3969 5001 7581 3963 7770 3093 240 5958 3795 5259 1050 5424 4668 4803 4917 5325 1401 2661 4230 6819 543 4101 4905 3534 2514 6885 4710 2175 4611 4959 0 6783 7041 2322 1902 891 7788 5715 6381 1128 6639 5334 3960 4137 4113 6999 4272 1797 2529 4065 6762 2355 4584 2952 7503 3513 5949 4971 4374 3204 7968 3249 3912 5442 4782 8478 5559
 3750 7581 10440 441 10752 2880 8058 2982 7977 3411 5457 8388 10467 10764 5745 1893 5730 2934 1491 7965 4668 1956 6207 3468 7044 849 8463 4875 9888 9885 2853 5487 10761 9099 8457 4236 10692 3744 9603 6645 11754 2988 10473 7830 6093 10032 4602 11100 2766 8109 7026 10764 1686 6588 8847 1878 7806 5727 5034 7137 6666 7494 3342 6783 0 345 4935 8148 6813 1536 11553 4212 7659 4851 1869 10710 6879 10656 2355 2601 7077 9273 8865 3462 8562 8271 7437 1986 3330 2598 5697 2898 4917 2352 9960 10452 1401 5886 4650 11541
 3858 7854 10587 648 10983 2910 8190 3183 8115 3306 5403 8499 10734 10929 5679 1602 5661 2697 1491 8070 4569 1647 6243 3240 7230 969 8559 5019 10047 10083 3159 5469 11025 9246 8532 4041 10929 3519 9819 6909 11910 3252 10605 8085 6090 10179 4629 11286 2787 8352 7182 10980 1506 6861 8976 2148 7932 5889 4917 7194 6837 7563 3381 7041 345 0 5133 8361 7038 1200 11712 4116 7893 4746 1980 10980 6963 10872 2160 2901 7272 9543 8997 3321 8769 8361 7584 1713 3618 2544 5718 3042 5052 2046 10236 10668 1611 5919 4410 11712
 1779 3309 5616 4506 5913 2922 3393 1953 3276 4023 3975 3888 5901 5874 4275 5409 4296 5262 3918 3564 4248 5616 3090 5397 2118 5583 4107 903 5028 4950 2730 3456 6168 4317 4320 5265 5880 5454 4704 2313 6885 2160 5730 3231 3543 5229 2577 6168 3045 3375 2256 5853 4641 2451 4170 3153 3192 1035 4647 3423 1791 3549 2643 2322 4935 5133 0 3237 1986 5694 6672 4083 2865 4389 3240 6183 2904 5751 4743 2832 2145 4785 4170 4440 3636 3990 2694 5310 2214 3669 3021 2190 1041 5757 5517 5547 3537 2922 6159 6636
 4854 2133 3063 7725 2718 6042 2223 5178 2091 6945 6081 2829 3099 3042 6273 8607 6306 8325 7149 2931 6762 8817 4497 8367 1335 8748 3237 3624 2424 1806 5649 5475 3300 2226 3747 8028 2715 8364 1467 2145 4062 5235 3402 1374 5157 2808 5097 3084 6177 960 1926 2619 7845 2427 2493 6312 2331 2742 7053 3972 1827 3708 5682 1902 8148 8361 3237 0 1380 8922 3822 6762 801 6840 6477 3408 3480 2514 7878 5823 1221 2328 2442 7359 459 3330 1917 8496 5085 6783 4842 5418 3669 8925 2973 2310 6753 4578 8919 3681
 3723 1719 4272 6399 3951 4893 2685 3867 2535 5919 5424 3330 3942 4353 5667 7392 5697 7224 5889 3231 5937 7599 4050 7323 1041 7389 3690 2577 3633 3186 4269 4833 4200 3183 4110 7098 3906 7356 2799 1092 5382 3870 4530 1344 4668 3954 4224 4458 5019 1398 1773 3963 6627 1401 3267 4959 2646 1830 6285 3849 1305 3732 4581 891 6813 7038 1986 1380 0 7665 5148 5859 879 6048 5202 4230 3282 3855 6720 4446 909 2874 3234 6339 1833 3693 2061 7293 3705 5640 4248 4170 2661 7740 3609 3648 5427 4035 7998 5034
 4161 8661 10893 1662 11607 3024 8460 3828 8403 2910 5073 8688 11487 11289 5301 645 5277 1836 1776 8238 4113 558 6201 2364 7707 2007 8691 5397 10392 10572 4143 5268 11772 9549 8592 3270 11571 2652 10389 7683 12237 4086 10854 8808 5928 10476 4617 11724 2883 9030 7545 11529 1164 7671 9228 3054 8190 6303 4380 7209 7275 7617 3477 7788 1536 1200 5694 8922 7665 0 12054 3687 8538 4263 2466 11748 7071 11430 1554 3879 7770 10314 9258 2772 9303 8475 7917 816 4530 2412 5640 3504 5397 939 11028 11229 2424 5883 3450 12087
 7905 5706 1203 11112 3021 9033 3615 8595 3657 9576 7995 3549 4521 804 8034 11622 8073 11055 10344 4005 8949 11829 6312 10938 4566 12243 3726 6696 1665 2133 9318 7464 4443 2517 4110 10344 3228 10851 2865 5955 249 8817 1470 4962 6885 1617 7608 1071 9174 4479 4533 2256 10905 6222 2901 9825 3894 5826 9078 5331 4896 4881 8592 5715 11553 11712 6672 3822 5148 12054 0 9123 4590 8949 9741 4713 5202 2337 10764 9459 4566 4824 2856 9939 3363 3969 4140 11484 8760 9705 6858 8673 6675 11847 4956 2418 10161 6561 11148 363
 2406 7377 7920 3879 9435 1812 5553 3342 5544 810 1401 5583 9765 8433 1614 3069 1590 2091 2772 5124 456 3237 2841 1842 5427 5055 5475 3297 7539 8073 4638 1731 10002 6639 5250 1272 9459 1728 8127 6393 9264 4068 7767 7197 2391 7509 1665 9036 1824 7224 4959 9147 2658 6531 6222 3882 5274 4065 864 3873 4932 4320 1686 6381 4212 4116 4083 6762 5859 3687 9123 0 6684 645 2820 10062 3921 9069 2133 4473 5544 8736 6270 942 7020 5238 5208 2895 4590 1650 2277 2727 3204 3075 9468 8886 3513 2568 2157 9234
 4593 1386 3861 7248 3093 5769 2805 4731 2658 6777 6165 3444 3084 3822 6390 8271 6420 8097 6765 3462 6741 8478 4692 8187 1452 8214 3840 3426 3225 2517 5046 5565 3336 2985 4320 7935 3039 8211 2010 1365 4833 4695 4200 699 5334 3606 5034 3795 5898 540 2196 3168 7503 1635 3201 5796 2853 2625 7068 4329 1890 4131 5448 1128 7659 7893 2865 801 879 8538 4590 6684 0 6840 6075 3378 3789 3054 7599 5238 1299 2073 3156 7197 1236 3900 2337 8172 4485 6516 4953 5049 3501 8619 2796 2850 6282 4716 8832 4431
 2826 7632 7749 4524 9471 2409 5442 3873 5454 1443 987 5400 9894 8292 1095 3633 1062 2571 3414 4947 198 3786 2640 2223 5514 5691 5250 3546 7410 8043 5208 1488 10122 6507 4968 1428 9507 2040 8157 6669 9078 4611 7557 7392 2085 7341 1833 8937 2433 7380 4977 9132 3273 6834 6063 4494 5169 4221 267 3633 5022 4086 2214 6639 4851 4746 4389 6840 6048 4263 8949 645 6840 0 3450 10197 3774 9060 2715 5055 5643 8910 6114 1491 7065 5007 5175 3459 5121 2292 2115 3273 3432 3588 9636 8886 4146 2415 2196 9084
 1884 6228 8610 1431 9147 1122 6210 1371 6135 2136 3840 6525 9030 8961 4158 2268 4152 2562 702 6099 3252 2463 4377 2937 5295 2670 6597 3045 8076 8160 2091 3759 9312 7269 6591 3345 9108 3132 7944 5238 9936 1773 8625 6348 4323 8202 2793 9342 1047 6564 5211 9090 1518 5247 6996 1110 5955 3927 3681 5280 4887 5631 1539 5334 1869 1980 3240 6477 5202 2466 9741 2820 6075 3450 0 9294 5013 8988 1887 1863 5346 7863 7017 2391 6867 6402 5610 2208 2292 1248 3888 1074 3075 2688 8580 8787 711 4056 4056 9747
 7947 3135 4845 10332 1692 9102 5433 7923 5328 10152 9474 5928 309 4338 9675 11538 9708 11445 9993 6156 10104 11742 7902 11556 4698 11148 6324 6801 4458 3138 7911 8868 276 4917 6861 11313 1488 11586 2490 4074 4926 7728 5355 2955 8562 4887 8406 3648 9228 2841 5331 2466 10773 4122 5373 8835 5610 6000 10419 7335 5184 7026 8808 3960 10710 10980 6183 3408 4230 11748 4713 10062 3378 10197 9294 0 6870 2400 10920 8145 4563 1437 5307 10569 3315 6480 5292 11454 7392 9849 8238 8319 6879 11913 780 2376 9390 7980 12213 4371
 3144 4992 3999 6444 5874 4083 1680 4236 1710 4410 2853 1668 6561 4521 2958 6570 2997 5889 5490 1206 3759 6771 1146 5742 2343 7674 1623 2280 3636 4341 5430 2286 6738 2736 1584 5148 5940 5649 4578 4290 5343 4767 3858 4467 1788 3585 2472 5169 4221 4266 1596 5445 5907 4569 2301 5472 1413 1929 3924 573 1974 663 3615 4137 6879 6963 2904 3480 3282 7071 5202 3921 3789 3774 5013 6870 0 5385 5664 5457 2496 5778 2349 4755 3567 1407 1581 6417 4989 4662 1662 4041 2175 6741 6450 5226 5589 1365 5967 5319
 7326 3786 2499 10236 726 8517 3738 7689 3684 9339 8205 4065 2190 1947 8337 11097 8376 10758 9657 4404 9009 11307 6516 10758 3747 11244 4416 6084 2226 1056 8097 7611 2139 2907 4935 10338 918 10731 1056 4326 2562 7725 3012 3147 7170 2616 7422 1266 8655 2718 4110 120 10341 4530 3411 8814 3981 5181 9243 5736 4215 5346 8133 4113 10656 10872 5751 2514 3855 11430 2337 9069 3054 9060 8988 2400 5385 0 10341 8286 3669 2574 3339 9741 2127 4617 3885 10983 7536 9249 6966 7926 6114 11403 2625 204 9264 6678 11211 2013
 3024 7941 9579 2154 10593 1836 7149 3144 7107 1362 3519 7314 10644 10020 3747 948 3723 690 1323 6858 2559 1131 4725 1158 6594 3129 7284 4260 9117 9426 3963 3744 10911 8247 7140 1884 10578 1416 9327 6933 10932 3654 9501 7965 4407 9162 3192 10518 1704 8118 6324 10434 669 6984 7890 2907 6873 5160 2844 5751 6129 6174 2211 6999 2355 2160 4743 7878 6720 1554 10764 2133 7599 2715 1887 10920 5664 10341 0 3720 6678 9510 7926 1227 8220 7059 6663 777 4179 1095 4155 2634 4230 1083 10239 10146 2301 4413 2349 10824
